19.5,20,0.5,330.7
19.5,20,1.5,348.8
19.5,20,2.5,355.2
19.5,20,3.5,357.8
19.5,20,4.5,369.3
19.5,20,5.5,370.4
19.5,20,6.5,375.2
19.5,20,7.5,375.7
19.5,20,8.5,381.5
19.5,20,9.5,386.7
19.5,20,10.5,392.8
19.5,20,11.5,397.7
19.5,20,12.5,405.4
19.5,20,13.5,413.2
19.5,20,14.5,421.8
19.5,20,15.5,423.1
19.5,20,16.5,428.1
19.5,20,17.5,434.1
19.5,20,18.5,439.1
19.5,20,19.5,440.2
18.5,20,0.5,302.4
18.5,20,1.5,332.4
18.5,20,2.5,344.9
18.5,20,3.5,351.9
18.5,20,4.5,358.9
18.5,20,5.5,360.4
18.5,20,6.5,364.6
18.5,20,7.5,370.5
18.5,20,8.5,379.6
18.5,20,9.5,384.9
18.5,20,10.5,388.2
18.5,20,11.5,394.4
18.5,20,12.5,406.0
18.5,20,13.5,412.8
18.5,20,14.5,418.9
18.5,20,15.5,424.4
18.5,20,16.5,425.7
18.5,20,17.5,433.3
18.5,20,18.5,438.7
18.5,20,19.5,435.5
17.5,20,0.5,290.8
17.5,20,1.5,321.6
17.5,20,2.5,337.8
17.5,20,3.5,345.6
17.5,20,4.5,350.0
17.5,20,5.5,355.7
17.5,20,6.5,360.1
17.5,20,7.5,367.1
17.5,20,8.5,369.7
17.5,20,9.5,376.4
17.5,20,10.5,385.3
17.5,20,11.5,390.5
17.5,20,12.5,399.7
17.5,20,13.5,405.4
17.5,20,14.5,416.1
17.5,20,15.5,426.5
17.5,20,16.5,426.4
17.5,20,17.5,428.5
17.5,20,18.5,435.3
17.5,20,19.5,435.1
16.5,20,0.5,279.9
16.5,20,1.5,306.9
16.5,20,2.5,324.6
16.5,20,3.5,337.2
16.5,20,4.5,339.9
16.5,20,5.5,349.8
16.5,20,6.5,355.8
16.5,20,7.5,359.1
16.5,20,8.5,365.3
16.5,20,9.5,375.3
16.5,20,10.5,381.8
16.5,20,11.5,388.4
16.5,20,12.5,399.0
16.5,20,13.5,405.9
16.5,20,14.5,411.5
16.5,20,15.5,421.2
16.5,20,16.5,424.7
16.5,20,17.5,426.9
16.5,20,18.5,434.7
16.5,20,19.5,436.9
15.5,20,0.5,275.8
15.5,20,1.5,302.8
15.5,20,2.5,320.5
15.5,20,3.5,330.1
15.5,20,4.5,337.2
15.5,20,5.5,347.2
15.5,20,6.5,351.2
15.5,20,7.5,357.5
15.5,20,8.5,363.9
15.5,20,9.5,370.8
15.5,20,10.5,374.4
15.5,20,11.5,382.8
15.5,20,12.5,396.6
15.5,20,13.5,401.0
15.5,20,14.5,410.0
15.5,20,15.5,424.5
15.5,20,16.5,430.3
15.5,20,17.5,425.4
15.5,20,18.5,434.1
15.5,20,19.5,435.7
14.5,20,0.5,275.4
14.5,20,1.5,302.3
14.5,20,2.5,318.2
14.5,20,3.5,324.8
14.5,20,4.5,338.4
14.5,20,5.5,347.6
14.5,20,6.5,348.1
14.5,20,7.5,354.9
14.5,20,8.5,363.0
14.5,20,9.5,368.9
14.5,20,10.5,375.7
14.5,20,11.5,382.9
14.5,20,12.5,389.1
14.5,20,13.5,397.9
14.5,20,14.5,407.4
14.5,20,15.5,421.4
14.5,20,16.5,423.1
14.5,20,17.5,424.1
14.5,20,18.5,432.8
14.5,20,19.5,439.1
13.5,20,0.5,278.4
13.5,20,1.5,299.1
13.5,20,2.5,312.8
13.5,20,3.5,324.1
13.5,20,4.5,336.4
13.5,20,5.5,342.9
13.5,20,14.5,405.8
13.5,20,15.5,414.1
13.5,20,16.5,420.9
13.5,20,17.5,426.2
13.5,20,18.5,428.5
13.5,20,19.5,437.4
12.5,20,0.5,275.6
12.5,20,1.5,299.6
12.5,20,2.5,319.5
12.5,20,3.5,323.5
12.5,20,4.5,338.5
12.5,20,5.5,347.3
12.5,20,14.5,409.3
12.5,20,15.5,414.7
12.5,20,16.5,419.4
12.5,20,17.5,423.9
12.5,20,18.5,434.4
12.5,20,19.5,435.9
11.5,20,0.5,283.7
11.5,20,1.5,303.8
11.5,20,2.5,316.1
11.5,20,3.5,330.6
11.5,20,4.5,342.0
11.5,20,5.5,346.8
11.5,20,14.5,408.0
11.5,20,15.5,416.8
11.5,20,16.5,418.7
11.5,20,17.5,422.1
11.5,20,18.5,432.2
11.5,20,19.5,431.6
10.5,20,0.5,287.7
10.5,20,1.5,307.3
10.5,20,2.5,320.3
10.5,20,3.5,334.5
10.5,20,4.5,343.8
10.5,20,5.5,348.4
10.5,20,14.5,404.3
10.5,20,15.5,411.4
10.5,20,16.5,419.1
10.5,20,17.5,420.8
10.5,20,18.5,425.9
10.5,20,19.5,430.1
9.5,20,0.5,287.9
9.5,20,1.5,309.7
9.5,20,2.5,325.2
9.5,20,3.5,334.1
9.5,20,4.5,343.8
9.5,20,5.5,356.7
9.5,20,14.5,404.5
9.5,20,15.5,411.4
9.5,20,16.5,417.3
9.5,20,17.5,420.0
9.5,20,18.5,424.5
9.5,20,19.5,425.8
8.5,20,0.5,296.2
8.5,20,1.5,315.2
8.5,20,2.5,327.9
8.5,20,3.5,336.6
8.5,20,4.5,343.2
8.5,20,5.5,356.5
8.5,20,14.5,407.3
8.5,20,15.5,412.3
8.5,20,16.5,416.9
8.5,20,17.5,420.1
8.5,20,18.5,422.8
8.5,20,19.5,424.4
7.5,20,0.5,297.1
7.5,20,1.5,319.5
7.5,20,2.5,331.6
7.5,20,3.5,346.5
7.5,20,4.5,347.4
7.5,20,5.5,359.5
7.5,20,14.5,407.2
7.5,20,15.5,408.6
7.5,20,16.5,414.2
7.5,20,17.5,418.4
7.5,20,18.5,420.5
7.5,20,19.5,419.7
6.5,20,0.5,302.3
6.5,20,1.5,329.3
6.5,20,2.5,335.1
6.5,20,3.5,349.5
6.5,20,4.5,355.9
6.5,20,5.5,363.4
6.5,20,14.5,405.4
6.5,20,15.5,409.2
6.5,20,16.5,417.1
6.5,20,17.5,418.0
6.5,20,18.5,418.6
6.5,20,19.5,419.4
5.5,20,0.5,306.5
5.5,20,1.5,331.1
5.5,20,2.5,343.9
5.5,20,3.5,354.8
5.5,20,4.5,362.6
5.5,20,5.5,373.9
5.5,20,6.5,377.4
5.5,20,7.5,381.7
5.5,20,8.5,389.9
5.5,20,9.5,394.0
5.5,20,10.5,387.4
5.5,20,11.5,391.3
5.5,20,12.5,400.6
5.5,20,13.5,404.7
5.5,20,14.5,405.5
5.5,20,15.5,411.2
5.5,20,16.5,415.3
5.5,20,17.5,418.5
5.5,20,18.5,418.2
5.5,20,19.5,420.0
4.5,20,0.5,307.7
4.5,20,1.5,335.4
4.5,20,2.5,347.3
4.5,20,3.5,358.2
4.5,20,4.5,366.9
4.5,20,5.5,376.5
4.5,20,6.5,381.2
4.5,20,7.5,385.0
4.5,20,8.5,391.5
4.5,20,9.5,387.8
4.5,20,10.5,391.2
4.5,20,11.5,402.2
4.5,20,12.5,404.5
4.5,20,13.5,405.2
4.5,20,14.5,409.3
4.5,20,15.5,411.6
4.5,20,16.5,418.0
4.5,20,17.5,418.6
4.5,20,18.5,421.0
4.5,20,19.5,422.5
3.5,20,0.5,316.6
3.5,20,1.5,336.8
3.5,20,2.5,353.8
3.5,20,3.5,365.1
3.5,20,4.5,373.8
3.5,20,5.5,377.1
3.5,20,6.5,381.5
3.5,20,7.5,390.5
3.5,20,8.5,394.3
3.5,20,9.5,389.8
3.5,20,10.5,399.2
3.5,20,11.5,402.6
3.5,20,12.5,405.5
3.5,20,13.5,407.7
3.5,20,14.5,412.5
3.5,20,15.5,415.9
3.5,20,16.5,418.0
3.5,20,17.5,418.7
3.5,20,18.5,420.3
3.5,20,19.5,421.8
2.5,20,0.5,320.5
2.5,20,1.5,343.3
2.5,20,2.5,356.4
2.5,20,3.5,369.4
2.5,20,4.5,376.8
2.5,20,5.5,379.7
2.5,20,6.5,384.9
2.5,20,7.5,396.9
2.5,20,8.5,394.9
2.5,20,9.5,398.0
2.5,20,10.5,400.8
2.5,20,11.5,406.5
2.5,20,12.5,408.3
2.5,20,13.5,411.4
2.5,20,14.5,413.6
2.5,20,15.5,413.7
2.5,20,16.5,416.2
2.5,20,17.5,419.1
2.5,20,18.5,419.5
2.5,20,19.5,416.0
1.5,20,0.5,323.1
1.5,20,1.5,353.7
1.5,20,2.5,369.1
1.5,20,3.5,376.2
1.5,20,4.5,385.6
1.5,20,5.5,390.5
1.5,20,6.5,394.0
1.5,20,7.5,398.7
1.5,20,8.5,396.5
1.5,20,9.5,403.0
1.5,20,10.5,405.8
1.5,20,11.5,407.8
1.5,20,12.5,408.5
1.5,20,13.5,412.2
1.5,20,14.5,411.2
1.5,20,15.5,413.8
1.5,20,16.5,414.7
1.5,20,17.5,418.1
1.5,20,18.5,419.1
1.5,20,19.5,415.6
0.5,20,0.5,336.3
0.5,20,1.5,367.5
0.5,20,2.5,374.7
0.5,20,3.5,379.7
0.5,20,4.5,388.6
0.5,20,5.5,393.3
0.5,20,6.5,396.8
0.5,20,7.5,397.2
0.5,20,8.5,401.1
0.5,20,9.5,404.7
0.5,20,10.5,405.1
0.5,20,11.5,407.6
0.5,20,12.5,409.3
0.5,20,13.5,416.0
0.5,20,14.5,415.2
0.5,20,15.5,414.0
0.5,20,16.5,415.3
0.5,20,17.5,420.8
0.5,20,18.5,420.8
0.5,20,19.5,418.3
0,19.5,0.5,375.4
0,19.5,1.5,377.5
0,19.5,2.5,386.8
0,19.5,3.5,385.0
0,19.5,4.5,383.2
0,19.5,5.5,389.3
0,19.5,6.5,401.3
0,19.5,7.5,410.4
0,19.5,8.5,422.2
0,19.5,9.5,432.5
0,19.5,10.5,456.6
0,19.5,11.5,469.9
0,19.5,12.5,495.7
0,19.5,13.5,531.8
0,19.5,14.5,551.6
0,19.5,15.5,577.9
0,19.5,16.5,623.5
0,19.5,17.5,685.4
0,19.5,18.5,738.8
0,19.5,19.5,765.6
0,18.5,0.5,313.8
0,18.5,1.5,319.6
0,18.5,2.5,325.9
0,18.5,3.5,323.6
0,18.5,4.5,351.0
0,18.5,5.5,337.8
0,18.5,6.5,352.3
0,18.5,7.5,349.8
0,18.5,8.5,383.9
0,18.5,9.5,390.8
0,18.5,10.5,408.5
0,18.5,11.5,434.9
0,18.5,12.5,466.4
0,18.5,13.5,496.6
0,18.5,14.5,512.3
0,18.5,15.5,548.6
0,18.5,16.5,597.5
0,18.5,17.5,665.8
0,18.5,18.5,704.0
0,18.5,19.5,769.6
0,17.5,0.5,278.5
0,17.5,1.5,279.7
0,17.5,2.5,291.7
0,17.5,3.5,284.3
0,17.5,4.5,302.1
0,17.5,5.5,303.8
0,17.5,6.5,316.5
0,17.5,7.5,312.2
0,17.5,8.5,337.9
0,17.5,9.5,347.1
0,17.5,10.5,380.0
0,17.5,11.5,388.4
0,17.5,12.5,418.9
0,17.5,13.5,442.1
0,17.5,14.5,495.3
0,17.5,15.5,526.4
0,17.5,16.5,583.6
0,17.5,17.5,636.5
0,17.5,18.5,697.0
0,17.5,19.5,758.1
0,16.5,0.5,262.7
0,16.5,1.5,258.0
0,16.5,2.5,266.5
0,16.5,3.5,266.2
0,16.5,4.5,282.1
0,16.5,5.5,270.2
0,16.5,6.5,283.6
0,16.5,7.5,302.2
0,16.5,8.5,302.2
0,16.5,9.5,325.9
0,16.5,10.5,352.8
0,16.5,11.5,368.2
0,16.5,12.5,393.9
0,16.5,13.5,418.3
0,16.5,14.5,468.5
0,16.5,15.5,498.5
0,16.5,16.5,550.0
0,16.5,17.5,617.8
0,16.5,18.5,696.6
0,16.5,19.5,742.8
0,15.5,0.5,238.6
0,15.5,1.5,242.3
0,15.5,2.5,243.2
0,15.5,3.5,256.0
0,15.5,4.5,260.3
0,15.5,5.5,259.8
0,15.5,6.5,267.8
0,15.5,7.5,282.7
0,15.5,8.5,297.8
0,15.5,9.5,312.1
0,15.5,10.5,328.4
0,15.5,11.5,340.1
0,15.5,12.5,379.5
0,15.5,13.5,402.8
0,15.5,14.5,438.4
0,15.5,15.5,486.8
0,15.5,16.5,542.3
0,15.5,17.5,604.2
0,15.5,18.5,690.4
0,15.5,19.5,745.0
0,14.5,0.5,231.1
0,14.5,1.5,239.2
0,14.5,2.5,237.9
0,14.5,3.5,241.4
0,14.5,4.5,248.1
0,14.5,5.5,248.2
0,14.5,6.5,259.2
0,14.5,7.5,270.3
0,14.5,8.5,284.1
0,14.5,9.5,302.0
0,14.5,10.5,319.6
0,14.5,11.5,345.1
0,14.5,12.5,371.9
0,14.5,13.5,399.3
0,14.5,14.5,439.7
0,14.5,15.5,484.9
0,14.5,16.5,544.2
0,14.5,17.5,613.9
0,14.5,18.5,666.5
0,14.5,19.5,727.3
0,13.5,0.5,229.4
0,13.5,1.5,230.0
0,13.5,2.5,228.2
0,13.5,3.5,236.8
0,13.5,4.5,237.9
0,13.5,5.5,238.9
0,13.5,14.5,436.7
0,13.5,15.5,473.0
0,13.5,16.5,536.0
0,13.5,17.5,604.2
0,13.5,18.5,666.1
0,13.5,19.5,736.4
0,12.5,0.5,230.5
0,12.5,1.5,237.7
0,12.5,2.5,245.2
0,12.5,3.5,231.3
0,12.5,4.5,238.9
0,12.5,5.5,250.5
0,12.5,14.5,422.1
0,12.5,15.5,477.6
0,12.5,16.5,530.8
0,12.5,17.5,600.6
0,12.5,18.5,650.9
0,12.5,19.5,738.0
0,11.5,0.5,236.5
0,11.5,1.5,229.2
0,11.5,2.5,241.6
0,11.5,3.5,253.5
0,11.5,4.5,235.7
0,11.5,5.5,251.4
0,11.5,14.5,431.8
0,11.5,15.5,469.5
0,11.5,16.5,530.0
0,11.5,17.5,602.8
0,11.5,18.5,656.2
0,11.5,19.5,715.9
0,10.5,0.5,234.4
0,10.5,1.5,254.3
0,10.5,2.5,238.4
0,10.5,3.5,245.9
0,10.5,4.5,259.6
0,10.5,5.5,257.1
0,10.5,14.5,440.3
0,10.5,15.5,476.9
0,10.5,16.5,543.1
0,10.5,17.5,585.6
0,10.5,18.5,673.5
0,10.5,19.5,737.3
0,9.5,0.5,265.1
0,9.5,1.5,269.9
0,9.5,2.5,261.0
0,9.5,3.5,261.5
0,9.5,4.5,258.9
0,9.5,5.5,271.5
0,9.5,14.5,435.7
0,9.5,15.5,473.9
0,9.5,16.5,534.5
0,9.5,17.5,599.9
0,9.5,18.5,677.8
0,9.5,19.5,740.2
0,8.5,0.5,283.6
0,8.5,1.5,277.9
0,8.5,2.5,286.7
0,8.5,3.5,271.7
0,8.5,4.5,281.9
0,8.5,5.5,292.3
0,8.5,14.5,451.6
0,8.5,15.5,491.2
0,8.5,16.5,543.6
0,8.5,17.5,608.7
0,8.5,18.5,669.6
0,8.5,19.5,734.2
0,7.5,0.5,302.4
0,7.5,1.5,297.7
0,7.5,2.5,301.2
0,7.5,3.5,297.0
0,7.5,4.5,296.9
0,7.5,5.5,304.6
0,7.5,14.5,473.0
0,7.5,15.5,511.4
0,7.5,16.5,546.5
0,7.5,17.5,620.9
0,7.5,18.5,677.5
0,7.5,19.5,733.0
0,6.5,0.5,332.3
0,6.5,1.5,334.5
0,6.5,2.5,329.7
0,6.5,3.5,326.0
0,6.5,4.5,333.4
0,6.5,5.5,336.1
0,6.5,14.5,494.6
0,6.5,15.5,520.7
0,6.5,16.5,578.1
0,6.5,17.5,618.2
0,6.5,18.5,677.6
0,6.5,19.5,739.1
0,5.5,0.5,374.8
0,5.5,1.5,362.6
0,5.5,2.5,366.1
0,5.5,3.5,368.7
0,5.5,4.5,364.8
0,5.5,5.5,370.8
0,5.5,6.5,380.6
0,5.5,7.5,376.8
0,5.5,8.5,385.1
0,5.5,9.5,405.9
0,5.5,10.5,409.2
0,5.5,11.5,424.9
0,5.5,12.5,458.3
0,5.5,13.5,473.9
0,5.5,14.5,503.8
0,5.5,15.5,534.1
0,5.5,16.5,581.5
0,5.5,17.5,638.2
0,5.5,18.5,681.7
0,5.5,19.5,747.6
0,4.5,0.5,413.9
0,4.5,1.5,411.6
0,4.5,2.5,416.6
0,4.5,3.5,411.1
0,4.5,4.5,422.9
0,4.5,5.5,412.8
0,4.5,6.5,404.3
0,4.5,7.5,423.5
0,4.5,8.5,422.1
0,4.5,9.5,426.7
0,4.5,10.5,447.0
0,4.5,11.5,453.0
0,4.5,12.5,481.0
0,4.5,13.5,498.8
0,4.5,14.5,532.8
0,4.5,15.5,566.6
0,4.5,16.5,602.6
0,4.5,17.5,660.8
0,4.5,18.5,715.2
0,4.5,19.5,750.4
0,3.5,0.5,466.8
0,3.5,1.5,468.4
0,3.5,2.5,456.0
0,3.5,3.5,460.0
0,3.5,4.5,468.7
0,3.5,5.5,476.1
0,3.5,6.5,446.0
0,3.5,7.5,465.4
0,3.5,8.5,471.6
0,3.5,9.5,481.1
0,3.5,10.5,488.3
0,3.5,11.5,499.6
0,3.5,12.5,519.6
0,3.5,13.5,545.7
0,3.5,14.5,553.8
0,3.5,15.5,592.0
0,3.5,16.5,622.8
0,3.5,17.5,673.8
0,3.5,18.5,717.4
0,3.5,19.5,762.8
0,2.5,0.5,527.8
0,2.5,1.5,525.3
0,2.5,2.5,534.6
0,2.5,3.5,525.3
0,2.5,4.5,526.8
0,2.5,5.5,510.2
0,2.5,6.5,517.5
0,2.5,7.5,522.2
0,2.5,8.5,530.2
0,2.5,9.5,531.9
0,2.5,10.5,542.2
0,2.5,11.5,555.0
0,2.5,12.5,567.7
0,2.5,13.5,571.5
0,2.5,14.5,590.6
0,2.5,15.5,612.0
0,2.5,16.5,654.7
0,2.5,17.5,699.7
0,2.5,18.5,728.5
0,2.5,19.5,772.1
0,1.5,0.5,598.9
0,1.5,1.5,597.3
0,1.5,2.5,597.0
0,1.5,3.5,566.8
0,1.5,4.5,592.7
0,1.5,5.5,582.1
0,1.5,6.5,581.4
0,1.5,7.5,587.9
0,1.5,8.5,590.9
0,1.5,9.5,603.2
0,1.5,10.5,605.4
0,1.5,11.5,600.9
0,1.5,12.5,608.3
0,1.5,13.5,629.1
0,1.5,14.5,645.0
0,1.5,15.5,660.2
0,1.5,16.5,688.7
0,1.5,17.5,716.9
0,1.5,18.5,761.0
0,1.5,19.5,791.8
0,0.5,0.5,684.9
0,0.5,1.5,669.2
0,0.5,2.5,668.9
0,0.5,3.5,661.2
0,0.5,4.5,647.7
0,0.5,5.5,649.7
0,0.5,6.5,665.7
0,0.5,7.5,633.7
0,0.5,8.5,649.2
0,0.5,9.5,649.5
0,0.5,10.5,666.6
0,0.5,11.5,658.6
0,0.5,12.5,660.4
0,0.5,13.5,675.0
0,0.5,14.5,685.2
0,0.5,15.5,705.5
0,0.5,16.5,710.0
0,0.5,17.5,741.2
0,0.5,18.5,777.7
0,0.5,19.5,788.6
0.5,0,0.5,835.0
0.5,0,1.5,815.2
0.5,0,2.5,822.6
0.5,0,3.5,824.8
0.5,0,4.5,832.9
0.5,0,5.5,829.8
0.5,0,6.5,777.5
0.5,0,7.5,822.5
0.5,0,8.5,841.4
0.5,0,9.5,842.5
0.5,0,10.5,852.6
0.5,0,11.5,871.0
0.5,0,12.5,896.7
0.5,0,13.5,911.7
0.5,0,14.5,941.8
0.5,0,15.5,976.9
0.5,0,16.5,1012.5
0.5,0,17.5,1053.7
0.5,0,18.5,1087.5
0.5,0,19.5,1117.6
1.5,0,0.5,814.4
1.5,0,1.5,775.4
1.5,0,2.5,796.4
1.5,0,3.5,795.1
1.5,0,4.5,806.9
1.5,0,5.5,801.4
1.5,0,6.5,749.9
1.5,0,7.5,774.5
1.5,0,8.5,813.0
1.5,0,9.5,828.1
1.5,0,10.5,811.5
1.5,0,11.5,864.0
1.5,0,12.5,864.2
1.5,0,13.5,876.0
1.5,0,14.5,939.7
1.5,0,15.5,979.2
1.5,0,16.5,1002.3
1.5,0,17.5,1006.5
1.5,0,18.5,1084.1
1.5,0,19.5,1122.2
2.5,0,0.5,781.5
2.5,0,1.5,742.3
2.5,0,2.5,757.4
2.5,0,3.5,768.0
2.5,0,4.5,772.9
2.5,0,5.5,785.0
2.5,0,6.5,732.6
2.5,0,7.5,769.7
2.5,0,8.5,776.2
2.5,0,9.5,824.0
2.5,0,10.5,811.4
2.5,0,11.5,820.8
2.5,0,12.5,856.1
2.5,0,13.5,876.9
2.5,0,14.5,895.1
2.5,0,15.5,948.7
2.5,0,16.5,963.9
2.5,0,17.5,1001.6
2.5,0,18.5,1103.1
2.5,0,19.5,1126.0
3.5,0,0.5,708.0
3.5,0,1.5,696.4
3.5,0,2.5,718.6
3.5,0,3.5,692.2
3.5,0,4.5,707.4
3.5,0,5.5,713.0
3.5,0,6.5,714.4
3.5,0,7.5,722.1
3.5,0,8.5,744.1
3.5,0,9.5,765.6
3.5,0,10.5,776.9
3.5,0,11.5,784.7
3.5,0,12.5,815.6
3.5,0,13.5,858.3
3.5,0,14.5,893.3
3.5,0,15.5,943.3
3.5,0,16.5,960.4
3.5,0,17.5,1059.4
3.5,0,18.5,1098.5
3.5,0,19.5,1095.2
4.5,0,0.5,682.6
4.5,0,1.5,709.7
4.5,0,2.5,679.3
4.5,0,3.5,692.3
4.5,0,4.5,676.9
4.5,0,5.5,694.1
4.5,0,6.5,692.5
4.5,0,7.5,719.6
4.5,0,8.5,719.1
4.5,0,9.5,731.5
4.5,0,10.5,747.8
4.5,0,11.5,773.7
4.5,0,12.5,801.7
4.5,0,13.5,812.1
4.5,0,14.5,865.5
4.5,0,15.5,957.6
4.5,0,16.5,986.6
4.5,0,17.5,1010.5
4.5,0,18.5,1063.8
4.5,0,19.5,1092.3
5.5,0,0.5,704.6
5.5,0,1.5,683.2
5.5,0,2.5,672.6
5.5,0,3.5,684.2
5.5,0,4.5,666.4
5.5,0,5.5,691.6
5.5,0,6.5,687.0
5.5,0,7.5,678.5
5.5,0,8.5,680.5
5.5,0,9.5,753.4
5.5,0,10.5,742.4
5.5,0,11.5,762.3
5.5,0,12.5,777.7
5.5,0,13.5,828.1
5.5,0,14.5,867.4
5.5,0,15.5,931.8
5.5,0,16.5,995.3
5.5,0,17.5,1028.6
5.5,0,18.5,1058.5
5.5,0,19.5,1092.1
6.5,0,0.5,685.8
6.5,0,1.5,666.0
6.5,0,2.5,648.9
6.5,0,3.5,660.9
6.5,0,4.5,693.4
6.5,0,5.5,677.7
6.5,0,14.5,841.7
6.5,0,15.5,909.8
6.5,0,16.5,962.3
6.5,0,17.5,1019.7
6.5,0,18.5,1061.3
6.5,0,19.5,1090.7
7.5,0,0.5,665.5
7.5,0,1.5,670.4
7.5,0,2.5,684.8
7.5,0,3.5,694.1
7.5,0,4.5,688.6
7.5,0,5.5,697.2
7.5,0,14.5,855.8
7.5,0,15.5,880.2
7.5,0,16.5,964.1
7.5,0,17.5,1036.9
7.5,0,18.5,1069.1
7.5,0,19.5,1112.6
8.5,0,0.5,694.1
8.5,0,1.5,679.6
8.5,0,2.5,665.8
8.5,0,3.5,677.8
8.5,0,4.5,678.6
8.5,0,5.5,701.2
8.5,0,14.5,884.0
8.5,0,15.5,907.8
8.5,0,16.5,998.7
8.5,0,17.5,1004.9
8.5,0,18.5,1068.1
8.5,0,19.5,1087.8
9.5,0,0.5,733.8
9.5,0,1.5,689.5
9.5,0,2.5,704.8
9.5,0,3.5,715.2
9.5,0,4.5,702.8
9.5,0,5.5,706.3
9.5,0,14.5,858.5
9.5,0,15.5,930.6
9.5,0,16.5,976.1
9.5,0,17.5,1043.6
9.5,0,18.5,1066.9
9.5,0,19.5,1097.7
10.5,0,0.5,728.4
10.5,0,1.5,728.0
10.5,0,2.5,720.6
10.5,0,3.5,714.1
10.5,0,4.5,709.4
10.5,0,5.5,731.4
10.5,0,14.5,882.7
10.5,0,15.5,945.1
10.5,0,16.5,974.8
10.5,0,17.5,1023.4
10.5,0,18.5,1063.7
10.5,0,19.5,1111.0
11.5,0,0.5,759.5
11.5,0,1.5,748.0
11.5,0,2.5,763.4
11.5,0,3.5,747.3
11.5,0,4.5,732.8
11.5,0,5.5,758.6
11.5,0,14.5,899.2
11.5,0,15.5,956.2
11.5,0,16.5,985.7
11.5,0,17.5,1027.5
11.5,0,18.5,1073.7
11.5,0,19.5,1124.2
12.5,0,0.5,792.4
12.5,0,1.5,774.7
12.5,0,2.5,777.6
12.5,0,3.5,765.8
12.5,0,4.5,762.1
12.5,0,5.5,803.7
12.5,0,14.5,926.0
12.5,0,15.5,964.2
12.5,0,16.5,991.9
12.5,0,17.5,1039.1
12.5,0,18.5,1074.4
12.5,0,19.5,1123.7
13.5,0,0.5,812.8
13.5,0,1.5,799.3
13.5,0,2.5,808.0
13.5,0,3.5,810.8
13.5,0,4.5,819.1
13.5,0,5.5,832.0
13.5,0,14.5,935.9
13.5,0,15.5,989.8
13.5,0,16.5,1009.0
13.5,0,17.5,1044.4
13.5,0,18.5,1076.5
13.5,0,19.5,1109.8
14.5,0,0.5,846.1
14.5,0,1.5,859.7
14.5,0,2.5,826.3
14.5,0,3.5,834.2
14.5,0,4.5,853.3
14.5,0,5.5,867.6
14.5,0,6.5,845.4
14.5,0,7.5,850.3
14.5,0,8.5,865.8
14.5,0,9.5,896.6
14.5,0,10.5,914.7
14.5,0,11.5,867.1
14.5,0,12.5,912.8
14.5,0,13.5,935.4
14.5,0,14.5,962.9
14.5,0,15.5,997.3
14.5,0,16.5,1018.6
14.5,0,17.5,1055.1
14.5,0,18.5,1092.2
14.5,0,19.5,1113.3
15.5,0,0.5,844.0
15.5,0,1.5,872.8
15.5,0,2.5,868.8
15.5,0,3.5,870.9
15.5,0,4.5,877.8
15.5,0,5.5,888.4
15.5,0,6.5,868.3
15.5,0,7.5,873.6
15.5,0,8.5,885.2
15.5,0,9.5,917.4
15.5,0,10.5,905.8
15.5,0,11.5,886.4
15.5,0,12.5,933.0
15.5,0,13.5,950.2
15.5,0,14.5,972.8
15.5,0,15.5,1000.2
15.5,0,16.5,1039.7
15.5,0,17.5,1058.6
15.5,0,18.5,1089.2
15.5,0,19.5,1113.2
16.5,0,0.5,899.4
16.5,0,1.5,907.3
16.5,0,2.5,895.9
16.5,0,3.5,896.2
16.5,0,4.5,896.1
16.5,0,5.5,908.4
16.5,0,6.5,906.5
16.5,0,7.5,919.9
16.5,0,8.5,928.8
16.5,0,9.5,935.5
16.5,0,10.5,925.0
16.5,0,11.5,925.6
16.5,0,12.5,940.6
16.5,0,13.5,957.0
16.5,0,14.5,996.0
16.5,0,15.5,1010.6
16.5,0,16.5,1046.9
16.5,0,17.5,1090.2
16.5,0,18.5,1094.1
16.5,0,19.5,1144.1
17.5,0,0.5,891.5
17.5,0,1.5,923.1
17.5,0,2.5,920.5
17.5,0,3.5,925.3
17.5,0,4.5,922.8
17.5,0,5.5,932.6
17.5,0,6.5,934.1
17.5,0,7.5,928.4
17.5,0,8.5,949.5
17.5,0,9.5,954.0
17.5,0,10.5,966.0
17.5,0,11.5,950.1
17.5,0,12.5,985.5
17.5,0,13.5,980.1
17.5,0,14.5,1009.4
17.5,0,15.5,1022.9
17.5,0,16.5,1076.6
17.5,0,17.5,1112.7
17.5,0,18.5,1110.0
17.5,0,19.5,1148.1
18.5,0,0.5,927.4
18.5,0,1.5,931.3
18.5,0,2.5,933.3
18.5,0,3.5,964.3
18.5,0,4.5,974.6
18.5,0,5.5,961.0
18.5,0,6.5,946.9
18.5,0,7.5,957.3
18.5,0,8.5,945.4
18.5,0,9.5,959.6
18.5,0,10.5,989.1
18.5,0,11.5,988.8
18.5,0,12.5,1002.7
18.5,0,13.5,1016.3
18.5,0,14.5,1034.7
18.5,0,15.5,1042.1
18.5,0,16.5,1084.5
18.5,0,17.5,1085.2
18.5,0,18.5,1123.0
18.5,0,19.5,1134.7
19.5,0,0.5,955.2
19.5,0,1.5,982.7
19.5,0,2.5,939.8
19.5,0,3.5,946.2
19.5,0,4.5,965.8
19.5,0,5.5,979.7
19.5,0,6.5,970.1
19.5,0,7.5,976.6
19.5,0,8.5,979.9
19.5,0,9.5,976.3
19.5,0,10.5,988.1
19.5,0,11.5,1008.2
19.5,0,12.5,1019.1
19.5,0,13.5,1035.0
19.5,0,14.5,1046.3
19.5,0,15.5,1050.9
19.5,0,16.5,1099.3
19.5,0,17.5,1092.3
19.5,0,18.5,1128.6
19.5,0,19.5,1137.3
20,0.5,0.5,633.5
20,0.5,1.5,651.0
20,0.5,2.5,675.8
20,0.5,3.5,695.8
20,0.5,4.5,716.3
20,0.5,5.5,745.9
20,0.5,6.5,785.7
20,0.5,7.5,799.4
20,0.5,8.5,829.1
20,0.5,9.5,847.3
20,0.5,10.5,864.0
20,0.5,11.5,845.2
20,0.5,12.5,849.9
20,0.5,13.5,864.1
20,0.5,14.5,867.9
20,0.5,15.5,861.8
20,0.5,16.5,864.4
20,0.5,17.5,859.6
20,0.5,18.5,860.8
20,0.5,19.5,880.3
20,1.5,0.5,600.2
20,1.5,1.5,622.3
20,1.5,2.5,653.5
20,1.5,3.5,670.5
20,1.5,4.5,689.6
20,1.5,5.5,729.6
20,1.5,6.5,774.1
20,1.5,7.5,789.8
20,1.5,8.5,825.9
20,1.5,9.5,847.9
20,1.5,10.5,841.5
20,1.5,11.5,845.0
20,1.5,12.5,846.8
20,1.5,13.5,861.8
20,1.5,14.5,874.9
20,1.5,15.5,866.8
20,1.5,16.5,862.7
20,1.5,17.5,858.1
20,1.5,18.5,865.3
20,1.5,19.5,879.0
20,2.5,0.5,567.9
20,2.5,1.5,606.2
20,2.5,2.5,639.2
20,2.5,3.5,660.6
20,2.5,4.5,674.2
20,2.5,5.5,709.2
20,2.5,6.5,756.2
20,2.5,7.5,779.8
20,2.5,8.5,816.2
20,2.5,9.5,834.5
20,2.5,10.5,845.5
20,2.5,11.5,855.8
20,2.5,12.5,860.6
20,2.5,13.5,862.0
20,2.5,14.5,871.0
20,2.5,15.5,876.0
20,2.5,16.5,877.4
20,2.5,17.5,879.4
20,2.5,18.5,866.9
20,2.5,19.5,868.0
20,3.5,0.5,543.5
20,3.5,1.5,584.8
20,3.5,2.5,620.2
20,3.5,3.5,662.4
20,3.5,4.5,673.9
20,3.5,5.5,693.8
20,3.5,6.5,744.2
20,3.5,7.5,772.4
20,3.5,8.5,813.0
20,3.5,9.5,829.7
20,3.5,10.5,846.7
20,3.5,11.5,852.5
20,3.5,12.5,861.4
20,3.5,13.5,862.8
20,3.5,14.5,876.8
20,3.5,15.5,880.7
20,3.5,16.5,875.3
20,3.5,17.5,869.9
20,3.5,18.5,865.5
20,3.5,19.5,866.6
20,4.5,0.5,526.5
20,4.5,1.5,560.8
20,4.5,2.5,577.4
20,4.5,3.5,648.2
20,4.5,4.5,666.4
20,4.5,5.5,683.6
20,4.5,6.5,744.2
20,4.5,7.5,784.7
20,4.5,8.5,822.9
20,4.5,9.5,857.1
20,4.5,10.5,848.0
20,4.5,11.5,854.5
20,4.5,12.5,858.7
20,4.5,13.5,833.8
20,4.5,14.5,864.2
20,4.5,15.5,878.7
20,4.5,16.5,843.9
20,4.5,17.5,846.3
20,4.5,18.5,863.1
20,4.5,19.5,864.5
20,5.5,0.5,518.0
20,5.5,1.5,548.4
20,5.5,2.5,571.5
20,5.5,3.5,619.2
20,5.5,4.5,657.1
20,5.5,5.5,675.2
20,5.5,6.5,716.1
20,5.5,7.5,769.5
20,5.5,8.5,818.4
20,5.5,9.5,852.6
20,5.5,10.5,844.8
20,5.5,11.5,843.9
20,5.5,12.5,841.5
20,5.5,13.5,832.0
20,5.5,14.5,853.1
20,5.5,15.5,857.5
20,5.5,16.5,842.9
20,5.5,17.5,848.1
20,5.5,18.5,861.7
20,5.5,19.5,863.2
20,6.5,0.5,515.9
20,6.5,1.5,537.5
20,6.5,2.5,555.6
20,6.5,3.5,591.2
20,6.5,4.5,649.6
20,6.5,5.5,686.2
20,6.5,14.5,851.7
20,6.5,15.5,856.1
20,6.5,16.5,851.6
20,6.5,17.5,854.0
20,6.5,18.5,868.8
20,6.5,19.5,870.4
20,7.5,0.5,496.9
20,7.5,1.5,524.2
20,7.5,2.5,554.1
20,7.5,3.5,579.0
20,7.5,4.5,645.0
20,7.5,5.5,685.0
20,7.5,14.5,856.1
20,7.5,15.5,853.9
20,7.5,16.5,850.1
20,7.5,17.5,866.1
20,7.5,18.5,867.7
20,7.5,19.5,869.3
20,8.5,0.5,484.5
20,8.5,1.5,517.5
20,8.5,2.5,548.6
20,8.5,3.5,590.0
20,8.5,4.5,629.5
20,8.5,5.5,673.1
20,8.5,14.5,854.5
20,8.5,15.5,859.0
20,8.5,16.5,863.4
20,8.5,17.5,866.1
20,8.5,18.5,874.0
20,8.5,19.5,875.8
20,9.5,0.5,485.3
20,9.5,1.5,509.5
20,9.5,2.5,556.6
20,9.5,3.5,588.7
20,9.5,4.5,634.0
20,9.5,5.5,672.6
20,9.5,14.5,864.3
20,9.5,15.5,868.9
20,9.5,16.5,862.2
20,9.5,17.5,864.9
20,9.5,18.5,872.7
20,9.5,19.5,874.5
20,10.5,0.5,482.0
20,10.5,1.5,518.8
20,10.5,2.5,556.4
20,10.5,3.5,589.3
20,10.5,4.5,626.8
20,10.5,5.5,664.9
20,10.5,14.5,863.2
20,10.5,15.5,865.0
20,10.5,16.5,869.0
20,10.5,17.5,867.7
20,10.5,18.5,869.7
20,10.5,19.5,847.9
20,11.5,0.5,472.2
20,11.5,1.5,499.2
20,11.5,2.5,558.7
20,11.5,3.5,592.2
20,11.5,4.5,630.3
20,11.5,5.5,674.0
20,11.5,14.5,859.9
20,11.5,15.5,863.9
20,11.5,16.5,864.7
20,11.5,17.5,866.6
20,11.5,18.5,854.3
20,11.5,19.5,846.9
20,12.5,0.5,510.2
20,12.5,1.5,497.6
20,12.5,2.5,559.5
20,12.5,3.5,605.6
20,12.5,4.5,641.2
20,12.5,5.5,683.3
20,12.5,14.5,854.7
20,12.5,15.5,859.1
20,12.5,16.5,872.4
20,12.5,17.5,874.9
20,12.5,18.5,865.1
20,12.5,19.5,866.9
20,13.5,0.5,516.9
20,13.5,1.5,541.7
20,13.5,2.5,570.8
20,13.5,3.5,605.4
20,13.5,4.5,658.6
20,13.5,5.5,703.7
20,13.5,14.5,853.8
20,13.5,15.5,869.2
20,13.5,16.5,871.7
20,13.5,17.5,862.3
20,13.5,18.5,864.1
20,13.5,19.5,865.9
20,14.5,0.5,521.4
20,14.5,1.5,545.4
20,14.5,2.5,584.9
20,14.5,3.5,621.1
20,14.5,4.5,664.5
20,14.5,5.5,708.4
20,14.5,6.5,733.6
20,14.5,7.5,778.8
20,14.5,8.5,792.2
20,14.5,9.5,820.1
20,14.5,10.5,841.4
20,14.5,11.5,851.5
20,14.5,12.5,857.6
20,14.5,13.5,863.2
20,14.5,14.5,855.4
20,14.5,15.5,859.4
20,14.5,16.5,867.1
20,14.5,17.5,869.6
20,14.5,18.5,866.6
20,14.5,19.5,868.1
20,15.5,0.5,531.7
20,15.5,1.5,559.5
20,15.5,2.5,593.7
20,15.5,3.5,627.9
20,15.5,4.5,661.1
20,15.5,5.5,716.0
20,15.5,6.5,753.8
20,15.5,7.5,781.5
20,15.5,8.5,794.5
20,15.5,9.5,840.9
20,15.5,10.5,847.5
20,15.5,11.5,852.2
20,15.5,12.5,857.8
20,15.5,13.5,850.9
20,15.5,14.5,854.8
20,15.5,15.5,863.4
20,15.5,16.5,865.9
20,15.5,17.5,864.4
20,15.5,18.5,865.2
20,15.5,19.5,866.7
20,16.5,0.5,567.0
20,16.5,1.5,597.5
20,16.5,2.5,657.0
20,16.5,3.5,693.7
20,16.5,4.5,710.5
20,16.5,5.5,725.1
20,16.5,6.5,772.1
20,16.5,7.5,810.7
20,16.5,8.5,812.6
20,16.5,9.5,842.5
20,16.5,10.5,844.3
20,16.5,11.5,850.9
20,16.5,12.5,863.4
20,16.5,13.5,867.7
20,16.5,14.5,869.6
20,16.5,15.5,872.4
20,16.5,16.5,862.0
20,16.5,17.5,864.4
20,16.5,18.5,848.4
20,16.5,19.5,850.2
20,17.5,0.5,601.5
20,17.5,1.5,622.0
20,17.5,2.5,661.2
20,17.5,3.5,694.8
20,17.5,4.5,727.2
20,17.5,5.5,759.2
20,17.5,6.5,762.5
20,17.5,7.5,791.5
20,17.5,8.5,805.5
20,17.5,9.5,845.5
20,17.5,10.5,849.8
20,17.5,11.5,852.5
20,17.5,12.5,863.7
20,17.5,13.5,867.3
20,17.5,14.5,869.5
20,17.5,15.5,858.9
20,17.5,16.5,861.3
20,17.5,17.5,845.9
20,17.5,18.5,847.6
20,17.5,19.5,849.4
20,18.5,0.5,613.6
20,18.5,1.5,646.9
20,18.5,2.5,677.4
20,18.5,3.5,699.2
20,18.5,4.5,721.9
20,18.5,5.5,749.7
20,18.5,6.5,765.4
20,18.5,7.5,818.5
20,18.5,8.5,840.4
20,18.5,9.5,839.8
20,18.5,10.5,849.9
20,18.5,11.5,830.6
20,18.5,12.5,834.5
20,18.5,13.5,851.2
20,18.5,14.5,854.0
20,18.5,15.5,858.8
20,18.5,16.5,861.4
20,18.5,17.5,859.4
20,18.5,18.5,861.2
20,18.5,19.5,865.4
20,19.5,0.5,650.0
20,19.5,1.5,657.7
20,19.5,2.5,693.6
20,19.5,3.5,711.0
20,19.5,4.5,745.4
20,19.5,5.5,762.8
20,19.5,6.5,802.4
20,19.5,7.5,821.6
20,19.5,8.5,841.0
20,19.5,9.5,840.2
20,19.5,10.5,826.9
20,19.5,11.5,830.8
20,19.5,12.5,848.1
20,19.5,13.5,851.0
20,19.5,14.5,858.6
20,19.5,15.5,859.5
20,19.5,16.5,858.7
20,19.5,17.5,858.2
20,19.5,18.5,862.0
20,19.5,19.5,864.6
0.5,0.5,0,277.6
0.5,1.5,0,277.6
0.5,2.5,0,277.6
0.5,3.5,0,277.6
0.5,4.5,0,277.6
0.5,5.5,0,277.6
0.5,6.5,0,277.6
0.5,7.5,0,277.6
0.5,8.5,0,277.6
0.5,9.5,0,277.6
0.5,10.5,0,277.6
0.5,11.5,0,277.6
0.5,12.5,0,277.6
0.5,13.5,0,277.6
0.5,14.5,0,277.6
0.5,15.5,0,277.6
0.5,16.5,0,277.6
0.5,17.5,0,277.6
0.5,18.5,0,277.6
0.5,19.5,0,277.6
1.5,0.5,0,277.6
1.5,1.5,0,277.6
1.5,2.5,0,277.6
1.5,3.5,0,277.6
1.5,4.5,0,277.6
1.5,5.5,0,277.6
1.5,6.5,0,277.6
1.5,7.5,0,277.6
1.5,8.5,0,277.6
1.5,9.5,0,277.6
1.5,10.5,0,277.6
1.5,11.5,0,277.6
1.5,12.5,0,277.6
1.5,13.5,0,277.6
1.5,14.5,0,277.6
1.5,15.5,0,277.6
1.5,16.5,0,277.6
1.5,17.5,0,277.6
1.5,18.5,0,277.6
1.5,19.5,0,277.6
2.5,0.5,0,277.6
2.5,1.5,0,277.6
2.5,2.5,0,277.6
2.5,3.5,0,277.6
2.5,4.5,0,277.6
2.5,5.5,0,277.6
2.5,6.5,0,277.6
2.5,7.5,0,277.6
2.5,8.5,0,277.6
2.5,9.5,0,277.6
2.5,10.5,0,277.6
2.5,11.5,0,277.6
2.5,12.5,0,277.6
2.5,13.5,0,277.6
2.5,14.5,0,277.6
2.5,15.5,0,277.6
2.5,16.5,0,277.6
2.5,17.5,0,277.6
2.5,18.5,0,277.6
2.5,19.5,0,277.6
3.5,0.5,0,277.6
3.5,1.5,0,277.6
3.5,2.5,0,277.6
3.5,3.5,0,277.6
3.5,4.5,0,277.6
3.5,5.5,0,277.6
3.5,6.5,0,277.6
3.5,7.5,0,277.6
3.5,8.5,0,277.6
3.5,9.5,0,277.6
3.5,10.5,0,277.6
3.5,11.5,0,277.6
3.5,12.5,0,277.6
3.5,13.5,0,277.6
3.5,14.5,0,277.6
3.5,15.5,0,277.6
3.5,16.5,0,277.6
3.5,17.5,0,277.6
3.5,18.5,0,277.6
3.5,19.5,0,277.6
4.5,0.5,0,277.6
4.5,1.5,0,277.6
4.5,2.5,0,277.6
4.5,3.5,0,277.6
4.5,4.5,0,277.6
4.5,5.5,0,277.6
4.5,6.5,0,277.6
4.5,7.5,0,277.6
4.5,8.5,0,277.6
4.5,9.5,0,277.6
4.5,10.5,0,277.6
4.5,11.5,0,277.6
4.5,12.5,0,277.6
4.5,13.5,0,277.6
4.5,14.5,0,277.6
4.5,15.5,0,277.6
4.5,16.5,0,277.6
4.5,17.5,0,277.6
4.5,18.5,0,277.6
4.5,19.5,0,277.6
5.5,0.5,0,277.6
5.5,1.5,0,277.6
5.5,2.5,0,277.6
5.5,3.5,0,277.6
5.5,4.5,0,277.6
5.5,5.5,0,277.6
5.5,6.5,0,277.6
5.5,7.5,0,277.6
5.5,8.5,0,277.6
5.5,9.5,0,277.6
5.5,10.5,0,277.6
5.5,11.5,0,277.6
5.5,12.5,0,277.6
5.5,13.5,0,277.6
5.5,14.5,0,277.6
5.5,15.5,0,277.6
5.5,16.5,0,277.6
5.5,17.5,0,277.6
5.5,18.5,0,277.6
5.5,19.5,0,277.6
6.5,0.5,0,277.6
6.5,1.5,0,277.6
6.5,2.5,0,277.6
6.5,3.5,0,277.6
6.5,4.5,0,277.6
6.5,5.5,0,277.6
6.5,6.5,0,277.6
6.5,7.5,0,277.6
6.5,8.5,0,277.6
6.5,9.5,0,277.6
6.5,10.5,0,277.6
6.5,11.5,0,277.6
6.5,12.5,0,277.6
6.5,13.5,0,277.6
6.5,14.5,0,277.6
6.5,15.5,0,277.6
6.5,16.5,0,277.6
6.5,17.5,0,277.6
6.5,18.5,0,277.6
6.5,19.5,0,277.6
7.5,0.5,0,277.6
7.5,1.5,0,277.6
7.5,2.5,0,277.6
7.5,3.5,0,277.6
7.5,4.5,0,277.6
7.5,5.5,0,277.6
7.5,6.5,0,277.6
7.5,7.5,0,277.6
7.5,8.5,0,277.6
7.5,9.5,0,277.6
7.5,10.5,0,277.6
7.5,11.5,0,277.6
7.5,12.5,0,277.6
7.5,13.5,0,277.6
7.5,14.5,0,277.6
7.5,15.5,0,277.6
7.5,16.5,0,277.6
7.5,17.5,0,277.6
7.5,18.5,0,277.6
7.5,19.5,0,277.6
8.5,0.5,0,277.6
8.5,1.5,0,277.6
8.5,2.5,0,277.6
8.5,3.5,0,277.6
8.5,4.5,0,277.6
8.5,5.5,0,277.6
8.5,6.5,0,277.6
8.5,7.5,0,277.6
8.5,8.5,0,277.6
8.5,9.5,0,277.6
8.5,10.5,0,277.6
8.5,11.5,0,277.6
8.5,12.5,0,277.6
8.5,13.5,0,277.6
8.5,14.5,0,277.6
8.5,15.5,0,277.6
8.5,16.5,0,277.6
8.5,17.5,0,277.6
8.5,18.5,0,277.6
8.5,19.5,0,277.6
9.5,0.5,0,277.6
9.5,1.5,0,277.6
9.5,2.5,0,277.6
9.5,3.5,0,277.6
9.5,4.5,0,277.6
9.5,5.5,0,277.6
9.5,6.5,0,277.6
9.5,7.5,0,277.6
9.5,8.5,0,277.6
9.5,9.5,0,277.6
9.5,10.5,0,277.6
9.5,11.5,0,277.6
9.5,12.5,0,277.6
9.5,13.5,0,277.6
9.5,14.5,0,277.6
9.5,15.5,0,277.6
9.5,16.5,0,277.6
9.5,17.5,0,277.6
9.5,18.5,0,277.6
9.5,19.5,0,277.6
10.5,0.5,0,277.6
10.5,1.5,0,277.6
10.5,2.5,0,277.6
10.5,3.5,0,277.6
10.5,4.5,0,277.6
10.5,5.5,0,277.6
10.5,6.5,0,277.6
10.5,7.5,0,277.6
10.5,8.5,0,277.6
10.5,9.5,0,277.6
10.5,10.5,0,277.6
10.5,11.5,0,277.6
10.5,12.5,0,277.6
10.5,13.5,0,277.6
10.5,14.5,0,277.6
10.5,15.5,0,277.6
10.5,16.5,0,277.6
10.5,17.5,0,277.6
10.5,18.5,0,277.6
10.5,19.5,0,277.6
11.5,0.5,0,277.6
11.5,1.5,0,277.6
11.5,2.5,0,277.6
11.5,3.5,0,277.6
11.5,4.5,0,277.6
11.5,5.5,0,277.6
11.5,6.5,0,277.6
11.5,7.5,0,277.6
11.5,8.5,0,277.6
11.5,9.5,0,277.6
11.5,10.5,0,277.6
11.5,11.5,0,277.6
11.5,12.5,0,277.6
11.5,13.5,0,277.6
11.5,14.5,0,277.6
11.5,15.5,0,277.6
11.5,16.5,0,277.6
11.5,17.5,0,277.6
11.5,18.5,0,277.6
11.5,19.5,0,277.6
12.5,0.5,0,277.6
12.5,1.5,0,277.6
12.5,2.5,0,277.6
12.5,3.5,0,277.6
12.5,4.5,0,277.6
12.5,5.5,0,277.6
12.5,6.5,0,277.6
12.5,7.5,0,277.6
12.5,8.5,0,277.6
12.5,9.5,0,277.6
12.5,10.5,0,277.6
12.5,11.5,0,277.6
12.5,12.5,0,277.6
12.5,13.5,0,277.6
12.5,14.5,0,277.6
12.5,15.5,0,277.6
12.5,16.5,0,277.6
12.5,17.5,0,277.6
12.5,18.5,0,277.6
12.5,19.5,0,277.6
13.5,0.5,0,277.6
13.5,1.5,0,277.6
13.5,2.5,0,277.6
13.5,3.5,0,277.6
13.5,4.5,0,277.6
13.5,5.5,0,277.6
13.5,6.5,0,277.6
13.5,7.5,0,277.6
13.5,8.5,0,277.6
13.5,9.5,0,277.6
13.5,10.5,0,277.6
13.5,11.5,0,277.6
13.5,12.5,0,277.6
13.5,13.5,0,277.6
13.5,14.5,0,277.6
13.5,15.5,0,277.6
13.5,16.5,0,277.6
13.5,17.5,0,277.6
13.5,18.5,0,277.6
13.5,19.5,0,277.6
14.5,0.5,0,277.6
14.5,1.5,0,277.6
14.5,2.5,0,277.6
14.5,3.5,0,277.6
14.5,4.5,0,277.6
14.5,5.5,0,277.6
14.5,6.5,0,277.6
14.5,7.5,0,277.6
14.5,8.5,0,277.6
14.5,9.5,0,277.6
14.5,10.5,0,277.6
14.5,11.5,0,277.6
14.5,12.5,0,277.6
14.5,13.5,0,277.6
14.5,14.5,0,277.6
14.5,15.5,0,277.6
14.5,16.5,0,277.6
14.5,17.5,0,277.6
14.5,18.5,0,277.6
14.5,19.5,0,277.6
15.5,0.5,0,277.6
15.5,1.5,0,277.6
15.5,2.5,0,277.6
15.5,3.5,0,277.6
15.5,4.5,0,277.6
15.5,5.5,0,277.6
15.5,6.5,0,277.6
15.5,7.5,0,277.6
15.5,8.5,0,277.6
15.5,9.5,0,277.6
15.5,10.5,0,277.6
15.5,11.5,0,277.6
15.5,12.5,0,277.6
15.5,13.5,0,277.6
15.5,14.5,0,277.6
15.5,15.5,0,277.6
15.5,16.5,0,277.6
15.5,17.5,0,277.6
15.5,18.5,0,277.6
15.5,19.5,0,277.6
16.5,0.5,0,277.6
16.5,1.5,0,277.6
16.5,2.5,0,277.6
16.5,3.5,0,277.6
16.5,4.5,0,277.6
16.5,5.5,0,277.6
16.5,6.5,0,277.6
16.5,7.5,0,277.6
16.5,8.5,0,277.6
16.5,9.5,0,277.6
16.5,10.5,0,277.6
16.5,11.5,0,277.6
16.5,12.5,0,277.6
16.5,13.5,0,277.6
16.5,14.5,0,277.6
16.5,15.5,0,277.6
16.5,16.5,0,277.6
16.5,17.5,0,277.6
16.5,18.5,0,277.6
16.5,19.5,0,277.6
17.5,0.5,0,277.6
17.5,1.5,0,277.6
17.5,2.5,0,277.6
17.5,3.5,0,277.6
17.5,4.5,0,277.6
17.5,5.5,0,277.6
17.5,6.5,0,277.6
17.5,7.5,0,277.6
17.5,8.5,0,277.6
17.5,9.5,0,277.6
17.5,10.5,0,277.6
17.5,11.5,0,277.6
17.5,12.5,0,277.6
17.5,13.5,0,277.6
17.5,14.5,0,277.6
17.5,15.5,0,277.6
17.5,16.5,0,277.6
17.5,17.5,0,277.6
17.5,18.5,0,277.6
17.5,19.5,0,277.6
18.5,0.5,0,277.6
18.5,1.5,0,277.6
18.5,2.5,0,277.6
18.5,3.5,0,277.6
18.5,4.5,0,277.6
18.5,5.5,0,277.6
18.5,6.5,0,277.6
18.5,7.5,0,277.6
18.5,8.5,0,277.6
18.5,9.5,0,277.6
18.5,10.5,0,277.6
18.5,11.5,0,277.6
18.5,12.5,0,277.6
18.5,13.5,0,277.6
18.5,14.5,0,277.6
18.5,15.5,0,277.6
18.5,16.5,0,277.6
18.5,17.5,0,277.6
18.5,18.5,0,277.6
18.5,19.5,0,277.6
19.5,0.5,0,277.6
19.5,1.5,0,277.6
19.5,2.5,0,277.6
19.5,3.5,0,277.6
19.5,4.5,0,277.6
19.5,5.5,0,277.6
19.5,6.5,0,277.6
19.5,7.5,0,277.6
19.5,8.5,0,277.6
19.5,9.5,0,277.6
19.5,10.5,0,277.6
19.5,11.5,0,277.6
19.5,12.5,0,277.6
19.5,13.5,0,277.6
19.5,14.5,0,277.6
19.5,15.5,0,277.6
19.5,16.5,0,277.6
19.5,17.5,0,277.6
19.5,18.5,0,277.6
19.5,19.5,0,277.6
0.5,0.5,20,1390.3
0.5,1.5,20,1388.8
0.5,2.5,20,1361.9
0.5,3.5,20,1360.7
0.5,4.5,20,1385.0
0.5,5.5,20,1383.8
0.5,6.5,20,1393.6
0.5,7.5,20,1392.0
0.5,8.5,20,1395.0
0.5,9.5,20,1393.2
0.5,10.5,20,1405.8
0.5,11.5,20,1403.9
0.5,12.5,20,1390.8
0.5,13.5,20,1387.5
0.5,14.5,20,1374.5
0.5,15.5,20,1370.0
0.5,16.5,20,1401.7
0.5,17.5,20,1401.4
0.5,18.5,20,1362.2
0.5,19.5,20,1360.5
1.5,0.5,20,1391.2
1.5,1.5,20,1376.6
1.5,2.5,20,1362.2
1.5,3.5,20,1373.7
1.5,4.5,20,1385.3
1.5,5.5,20,1389.8
1.5,6.5,20,1393.9
1.5,7.5,20,1394.5
1.5,8.5,20,1395.0
1.5,9.5,20,1400.5
1.5,10.5,20,1405.9
1.5,11.5,20,1399.2
1.5,12.5,20,1390.9
1.5,13.5,20,1384.0
1.5,14.5,20,1374.7
1.5,15.5,20,1390.9
1.5,16.5,20,1401.6
1.5,17.5,20,1382.7
1.5,18.5,20,1362.3
1.5,19.5,20,1360.5
2.5,0.5,20,1407.6
2.5,1.5,20,1405.8
2.5,2.5,20,1368.2
2.5,3.5,20,1367.8
2.5,4.5,20,1391.9
2.5,5.5,20,1390.1
2.5,6.5,20,1388.9
2.5,7.5,20,1386.2
2.5,8.5,20,1393.9
2.5,9.5,20,1392.1
2.5,10.5,20,1379.8
2.5,11.5,20,1378.6
2.5,12.5,20,1371.8
2.5,13.5,20,1370.9
2.5,14.5,20,1397.5
2.5,15.5,20,1394.9
2.5,16.5,20,1381.9
2.5,17.5,20,1380.1
2.5,18.5,20,1383.8
2.5,19.5,20,1382.1
3.5,0.5,20,1407.0
3.5,1.5,20,1386.9
3.5,2.5,20,1368.2
3.5,3.5,20,1380.7
3.5,4.5,20,1391.8
3.5,5.5,20,1391.2
3.5,6.5,20,1389.5
3.5,7.5,20,1391.2
3.5,8.5,20,1393.8
3.5,9.5,20,1386.3
3.5,10.5,20,1379.5
3.5,11.5,20,1375.8
3.5,12.5,20,1372.3
3.5,13.5,20,1385.6
3.5,14.5,20,1397.1
3.5,15.5,20,1389.2
3.5,16.5,20,1382.0
3.5,17.5,20,1382.9
3.5,18.5,20,1383.8
3.5,19.5,20,1382.1
4.5,0.5,20,1392.4
4.5,1.5,20,1390.9
4.5,2.5,20,1374.3
4.5,3.5,20,1372.2
4.5,4.5,20,1398.3
4.5,5.5,20,1396.0
4.5,6.5,20,1357.7
4.5,7.5,20,1355.4
4.5,8.5,20,1371.1
4.5,9.5,20,1369.8
4.5,10.5,20,1377.1
4.5,11.5,20,1375.4
4.5,12.5,20,1388.8
4.5,13.5,20,1385.9
4.5,14.5,20,1392.7
4.5,15.5,20,1391.0
4.5,16.5,20,1380.2
4.5,17.5,20,1378.4
4.5,18.5,20,1392.2
4.5,19.5,20,1391.6
5.5,0.5,20,1392.6
5.5,1.5,20,1384.3
5.5,2.5,20,1375.4
5.5,3.5,20,1386.9
5.5,4.5,20,1398.3
5.5,5.5,20,1378.0
5.5,6.5,20,1357.7
5.5,7.5,20,1363.7
5.5,8.5,20,1370.7
5.5,9.5,20,1374.1
5.5,10.5,20,1377.2
5.5,11.5,20,1383.5
5.5,12.5,20,1388.7
5.5,13.5,20,1390.2
5.5,14.5,20,1392.8
5.5,15.5,20,1386.5
5.5,16.5,20,1380.2
5.5,17.5,20,1385.6
5.5,18.5,20,1392.3
5.5,19.5,20,1391.7
6.5,0.5,20,1384.5
6.5,1.5,20,1382.8
6.5,2.5,20,1402.4
6.5,3.5,20,1400.6
6.5,4.5,20,1394.8
6.5,5.5,20,1392.7
6.5,6.5,20,1411.9
6.5,7.5,20,1409.9
6.5,8.5,20,1387.2
6.5,9.5,20,1385.5
6.5,10.5,20,1375.4
6.5,11.5,20,1373.7
6.5,12.5,20,1397.7
6.5,13.5,20,1397.0
6.5,14.5,20,1374.8
6.5,15.5,20,1373.1
6.5,16.5,20,1393.1
6.5,17.5,20,1391.3
6.5,18.5,20,1379.5
6.5,19.5,20,1377.8
7.5,0.5,20,1384.6
7.5,1.5,20,1393.5
7.5,2.5,20,1402.4
7.5,3.5,20,1398.7
7.5,4.5,20,1394.7
7.5,5.5,20,1403.4
7.5,6.5,20,1412.2
7.5,7.5,20,1399.6
7.5,8.5,20,1387.2
7.5,9.5,20,1381.4
7.5,10.5,20,1375.4
7.5,11.5,20,1386.0
7.5,12.5,20,1397.6
7.5,13.5,20,1386.7
7.5,14.5,20,1374.8
7.5,15.5,20,1384.0
7.5,16.5,20,1393.1
7.5,17.5,20,1386.4
7.5,18.5,20,1379.6
7.5,19.5,20,1377.8
8.5,0.5,20,1394.5
8.5,1.5,20,1392.3
8.5,2.5,20,1381.5
8.5,3.5,20,1379.7
8.5,4.5,20,1380.8
8.5,5.5,20,1379.1
8.5,6.5,20,1391.8
8.5,7.5,20,1390.0
8.5,8.5,20,1376.6
8.5,9.5,20,1374.9
8.5,10.5,20,1382.0
8.5,11.5,20,1380.2
8.5,12.5,20,1366.3
8.5,13.5,20,1364.8
8.5,14.5,20,1419.7
8.5,15.5,20,1418.2
8.5,16.5,20,1404.0
8.5,17.5,20,1402.2
8.5,18.5,20,1396.9
8.5,19.5,20,1395.1
9.5,0.5,20,1396.5
9.5,1.5,20,1388.8
9.5,2.5,20,1381.6
9.5,3.5,20,1381.2
9.5,4.5,20,1380.8
9.5,5.5,20,1386.3
9.5,6.5,20,1391.8
9.5,7.5,20,1384.1
9.5,8.5,20,1376.6
9.5,9.5,20,1379.3
9.5,10.5,20,1382.0
9.5,11.5,20,1374.1
9.5,12.5,20,1366.4
9.5,13.5,20,1393.0
9.5,14.5,20,1419.6
9.5,15.5,20,1411.9
9.5,16.5,20,1404.0
9.5,17.5,20,1400.5
9.5,18.5,20,1396.9
9.5,19.5,20,1395.1
10.5,0.5,20,1376.5
10.5,1.5,20,1375.3
10.5,2.5,20,1367.9
10.5,3.5,20,1366.2
10.5,4.5,20,1402.0
10.5,5.5,20,1400.2
10.5,6.5,20,1376.0
10.5,7.5,20,1375.3
10.5,8.5,20,1409.0
10.5,9.5,20,1407.3
10.5,10.5,20,1376.2
10.5,11.5,20,1374.1
10.5,12.5,20,1397.5
10.5,13.5,20,1395.8
10.5,14.5,20,1365.3
10.5,15.5,20,1363.6
10.5,16.5,20,1399.6
10.5,17.5,20,1398.6
10.5,18.5,20,1406.8
10.5,19.5,20,1405.0
11.5,0.5,20,1375.0
11.5,1.5,20,1371.6
11.5,2.5,20,1367.6
11.5,3.5,20,1384.8
11.5,4.5,20,1402.0
11.5,5.5,20,1388.5
11.5,6.5,20,1376.1
11.5,7.5,20,1393.2
11.5,8.5,20,1409.1
11.5,9.5,20,1392.9
11.5,10.5,20,1376.2
11.5,11.5,20,1386.7
11.5,12.5,20,1397.5
11.5,13.5,20,1381.5
11.5,14.5,20,1365.4
11.5,15.5,20,1382.1
11.5,16.5,20,1399.6
11.5,17.5,20,1403.6
11.5,18.5,20,1406.8
11.5,19.5,20,1405.0
12.5,0.5,20,1398.7
12.5,1.5,20,1396.9
12.5,2.5,20,1392.9
12.5,3.5,20,1391.2
12.5,4.5,20,1409.3
12.5,5.5,20,1407.6
12.5,6.5,20,1385.8
12.5,7.5,20,1384.1
12.5,8.5,20,1371.9
12.5,9.5,20,1370.2
12.5,10.5,20,1366.3
12.5,11.5,20,1364.5
12.5,12.5,20,1381.8
12.5,13.5,20,1380.1
12.5,14.5,20,1368.5
12.5,15.5,20,1366.7
12.5,16.5,20,1404.6
12.5,17.5,20,1402.8
12.5,18.5,20,1385.4
12.5,19.5,20,1383.7
13.5,0.5,20,1398.7
13.5,1.5,20,1395.7
13.5,2.5,20,1392.8
13.5,3.5,20,1401.1
13.5,4.5,20,1409.3
13.5,5.5,20,1397.6
13.5,6.5,20,1385.8
13.5,7.5,20,1378.9
13.5,8.5,20,1371.9
13.5,9.5,20,1369.1
13.5,10.5,20,1366.3
13.5,11.5,20,1374.0
13.5,12.5,20,1381.8
13.5,13.5,20,1375.2
13.5,14.5,20,1368.5
13.5,15.5,20,1386.6
13.5,16.5,20,1404.6
13.5,17.5,20,1394.9
13.5,18.5,20,1385.4
13.5,19.5,20,1383.7
14.5,0.5,20,1387.3
14.5,1.5,20,1385.6
14.5,2.5,20,1393.0
14.5,3.5,20,1391.6
14.5,4.5,20,1382.2
14.5,5.5,20,1380.5
14.5,6.5,20,1363.5
14.5,7.5,20,1361.7
14.5,8.5,20,1373.0
14.5,9.5,20,1371.0
14.5,10.5,20,1363.3
14.5,11.5,20,1361.5
14.5,12.5,20,1388.4
14.5,13.5,20,1386.2
14.5,14.5,20,1374.2
14.5,15.5,20,1372.5
14.5,16.5,20,1412.1
14.5,17.5,20,1410.4
14.5,18.5,20,1366.4
14.5,19.5,20,1364.7
15.5,0.5,20,1387.3
15.5,1.5,20,1389.2
15.5,2.5,20,1391.5
15.5,3.5,20,1387.0
15.5,4.5,20,1382.2
15.5,5.5,20,1372.9
15.5,6.5,20,1363.5
15.5,7.5,20,1368.6
15.5,8.5,20,1373.4
15.5,9.5,20,1368.2
15.5,10.5,20,1363.2
15.5,11.5,20,1376.1
15.5,12.5,20,1388.5
15.5,13.5,20,1380.9
15.5,14.5,20,1373.8
15.5,15.5,20,1392.9
15.5,16.5,20,1411.9
15.5,17.5,20,1389.1
15.5,18.5,20,1366.4
15.5,19.5,20,1364.7
16.5,0.5,20,1380.9
16.5,1.5,20,1379.2
16.5,2.5,20,1388.3
16.5,3.5,20,1386.6
16.5,4.5,20,1377.1
16.5,5.5,20,1375.3
16.5,6.5,20,1379.1
16.5,7.5,20,1377.3
16.5,8.5,20,1387.9
16.5,9.5,20,1386.2
16.5,10.5,20,1405.4
16.5,11.5,20,1403.6
16.5,12.5,20,1390.6
16.5,13.5,20,1388.8
16.5,14.5,20,1396.9
16.5,15.5,20,1395.1
16.5,16.5,20,1382.6
16.5,17.5,20,1381.0
16.5,18.5,20,1380.5
16.5,19.5,20,1378.7
17.5,0.5,20,1381.0
17.5,1.5,20,1384.6
17.5,2.5,20,1388.3
17.5,3.5,20,1382.7
17.5,4.5,20,1377.1
17.5,5.5,20,1378.1
17.5,6.5,20,1379.1
17.5,7.5,20,1383.6
17.5,8.5,20,1388.0
17.5,9.5,20,1396.7
17.5,10.5,20,1405.4
17.5,11.5,20,1398.0
17.5,12.5,20,1390.5
17.5,13.5,20,1393.7
17.5,14.5,20,1396.8
17.5,15.5,20,1389.6
17.5,16.5,20,1382.5
17.5,17.5,20,1381.6
17.5,18.5,20,1380.5
17.5,19.5,20,1378.7
18.5,0.5,20,1398.1
18.5,1.5,20,1396.3
18.5,2.5,20,1400.4
18.5,3.5,20,1398.6
18.5,4.5,20,1382.2
18.5,5.5,20,1380.5
18.5,6.5,20,1391.1
18.5,7.5,20,1389.3
18.5,8.5,20,1392.3
18.5,9.5,20,1390.5
18.5,10.5,20,1399.2
18.5,11.5,20,1398.0
18.5,12.5,20,1378.5
18.5,13.5,20,1376.7
18.5,14.5,20,1415.1
18.5,15.5,20,1413.5
18.5,16.5,20,1400.9
18.5,17.5,20,1399.2
18.5,18.5,20,1394.2
18.5,19.5,20,1392.5
19.5,0.5,20,1398.1
19.5,1.5,20,1399.3
19.5,2.5,20,1400.4
19.5,3.5,20,1391.3
19.5,4.5,20,1382.2
19.5,5.5,20,1386.7
19.5,6.5,20,1391.1
19.5,7.5,20,1391.7
19.5,8.5,20,1392.3
19.5,9.5,20,1395.4
19.5,10.5,20,1399.1
19.5,11.5,20,1389.1
19.5,12.5,20,1378.5
19.5,13.5,20,1396.7
19.5,14.5,20,1415.1
19.5,15.5,20,1408.1
19.5,16.5,20,1401.0
19.5,17.5,20,1397.4
19.5,18.5,20,1393.9
19.5,19.5,20,1392.1
6,0.5,13.5,285.7
6,1.5,13.5,155.5
6,2.5,13.5,129.7
6,3.5,13.5,113.0
6,4.5,13.5,98.8
6,5.5,13.5,90.3
6,0.5,12.5,466.9
6,1.5,12.5,290.2
6,2.5,12.5,210.2
6,3.5,12.5,174.3
6,4.5,12.5,137.5
6,5.5,12.5,110.9
6,0.5,11.5,510.3
6,1.5,11.5,376.0
6,2.5,11.5,282.1
6,3.5,11.5,233.5
6,4.5,11.5,196.0
6,5.5,11.5,164.4
6,0.5,10.5,526.0
6,1.5,10.5,434.0
6,2.5,10.5,343.3
6,3.5,10.5,276.2
6,4.5,10.5,236.8
6,5.5,10.5,210.2
6,0.5,9.5,536.8
6,1.5,9.5,472.5
6,2.5,9.5,383.8
6,3.5,9.5,327.3
6,4.5,9.5,253.9
6,5.5,9.5,243.7
6,0.5,8.5,566.2
6,1.5,8.5,509.7
6,2.5,8.5,406.8
6,3.5,8.5,331.5
6,4.5,8.5,290.3
6,5.5,8.5,257.6
6,0.5,7.5,559.5
6,1.5,7.5,506.6
6,2.5,7.5,419.8
6,3.5,7.5,352.1
6,4.5,7.5,297.8
6,5.5,7.5,276.9
6,0.5,6.5,579.9
6,1.5,6.5,497.2
6,2.5,6.5,434.7
6,3.5,6.5,346.6
6,4.5,6.5,313.9
6,5.5,6.5,290.9
13.5,19.5,6,204.6
13.5,18.5,6,148.7
13.5,17.5,6,115.6
13.5,16.5,6,89.5
13.5,15.5,6,75.2
13.5,14.5,6,83.2
12.5,19.5,6,231.5
12.5,18.5,6,169.0
12.5,17.5,6,127.2
12.5,16.5,6,104.1
12.5,15.5,6,93.0
12.5,14.5,6,147.2
11.5,19.5,6,235.9
11.5,18.5,6,181.1
11.5,17.5,6,136.2
11.5,16.5,6,125.0
11.5,15.5,6,125.8
11.5,14.5,6,162.2
10.5,19.5,6,238.3
10.5,18.5,6,186.9
10.5,17.5,6,150.2
10.5,16.5,6,136.2
10.5,15.5,6,140.5
10.5,14.5,6,147.5
9.5,19.5,6,236.9
9.5,18.5,6,186.8
9.5,17.5,6,160.7
9.5,16.5,6,146.6
9.5,15.5,6,136.1
9.5,14.5,6,133.9
8.5,19.5,6,246.1
8.5,18.5,6,183.6
8.5,17.5,6,152.9
8.5,16.5,6,145.6
8.5,15.5,6,135.3
8.5,14.5,6,130.1
7.5,19.5,6,238.6
7.5,18.5,6,178.9
7.5,17.5,6,143.1
7.5,16.5,6,130.4
7.5,15.5,6,127.0
7.5,14.5,6,128.6
6.5,19.5,6,209.3
6.5,18.5,6,157.5
6.5,17.5,6,130.5
6.5,16.5,6,118.1
6.5,15.5,6,108.6
6.5,14.5,6,114.4
14,5.5,6.5,164.8
14,5.5,7.5,163.9
14,5.5,8.5,160.9
14,5.5,9.5,133.5
14,5.5,10.5,123.9
14,5.5,11.5,105.3
14,5.5,12.5,85.2
14,5.5,13.5,68.2
14,4.5,6.5,206.3
14,4.5,7.5,210.1
14,4.5,8.5,192.2
14,4.5,9.5,187.4
14,4.5,10.5,152.6
14,4.5,11.5,127.4
14,4.5,12.5,100.9
14,4.5,13.5,77.2
14,3.5,6.5,263.7
14,3.5,7.5,265.4
14,3.5,8.5,240.6
14,3.5,9.5,224.6
14,3.5,10.5,197.3
14,3.5,11.5,157.3
14,3.5,12.5,124.3
14,3.5,13.5,90.1
14,2.5,6.5,339.7
14,2.5,7.5,322.8
14,2.5,8.5,304.8
14,2.5,9.5,275.2
14,2.5,10.5,251.5
14,2.5,11.5,207.5
14,2.5,12.5,148.3
14,2.5,13.5,104.1
14,1.5,6.5,395.0
14,1.5,7.5,394.8
14,1.5,8.5,378.5
14,1.5,9.5,365.7
14,1.5,10.5,334.7
14,1.5,11.5,285.0
14,1.5,12.5,214.1
14,1.5,13.5,125.0
14,0.5,6.5,470.0
14,0.5,7.5,468.0
14,0.5,8.5,459.5
14,0.5,9.5,444.5
14,0.5,10.5,429.3
14,0.5,11.5,412.9
14,0.5,12.5,375.4
14,0.5,13.5,218.6
6.5,14.5,14,73.1
7.5,14.5,14,85.3
8.5,14.5,14,91.3
9.5,14.5,14,95.2
10.5,14.5,14,97.0
11.5,14.5,14,96.5
12.5,14.5,14,93.8
13.5,14.5,14,75.0
6.5,15.5,14,71.7
7.5,15.5,14,88.2
8.5,15.5,14,96.2
9.5,15.5,14,101.0
10.5,15.5,14,100.2
11.5,15.5,14,99.0
12.5,15.5,14,89.2
13.5,15.5,14,72.0
6.5,16.5,14,77.6
7.5,16.5,14,94.3
8.5,16.5,14,104.0
9.5,16.5,14,109.1
10.5,16.5,14,108.9
11.5,16.5,14,103.7
12.5,16.5,14,93.2
13.5,16.5,14,78.8
6.5,17.5,14,86.5
7.5,17.5,14,107.5
8.5,17.5,14,114.6
9.5,17.5,14,122.2
10.5,17.5,14,122.3
11.5,17.5,14,116.1
12.5,17.5,14,104.3
13.5,17.5,14,87.4
6.5,18.5,14,102.5
7.5,18.5,14,127.4
8.5,18.5,14,137.9
9.5,18.5,14,141.1
10.5,18.5,14,140.6
11.5,18.5,14,135.4
12.5,18.5,14,125.3
13.5,18.5,14,102.2
6.5,19.5,14,136.0
7.5,19.5,14,157.7
8.5,19.5,14,158.3
9.5,19.5,14,161.0
10.5,19.5,14,161.0
11.5,19.5,14,160.2
12.5,19.5,14,153.7
13.5,19.5,14,130.5
6,14.5,6.5,169.0
6,14.5,7.5,166.3
6,14.5,8.5,165.3
6,14.5,9.5,150.4
6,14.5,10.5,133.0
6,14.5,11.5,116.1
6,14.5,12.5,99.8
6,14.5,13.5,77.9
6,15.5,6.5,170.0
6,15.5,7.5,155.8
6,15.5,8.5,156.1
6,15.5,9.5,149.0
6,15.5,10.5,140.6
6,15.5,11.5,122.9
6,15.5,12.5,104.7
6,15.5,13.5,80.1
6,16.5,6.5,161.2
6,16.5,7.5,173.4
6,16.5,8.5,171.8
6,16.5,9.5,156.2
6,16.5,10.5,155.2
6,16.5,11.5,135.7
6,16.5,12.5,112.7
6,16.5,13.5,87.6
6,17.5,6.5,166.5
6,17.5,7.5,183.7
6,17.5,8.5,186.1
6,17.5,9.5,182.3
6,17.5,10.5,170.4
6,17.5,11.5,157.6
6,17.5,12.5,130.7
6,17.5,13.5,99.5
6,18.5,6.5,185.2
6,18.5,7.5,210.0
6,18.5,8.5,211.7
6,18.5,9.5,207.9
6,18.5,10.5,199.1
6,18.5,11.5,188.0
6,18.5,12.5,164.3
6,18.5,13.5,120.6
6,19.5,6.5,247.8
6,19.5,7.5,258.4
6,19.5,8.5,271.5
6,19.5,9.5,268.9
6,19.5,10.5,253.5
6,19.5,11.5,250.3
6,19.5,12.5,223.7
6,19.5,13.5,170.7
6.5,5.5,6,231.3
7.5,5.5,6,234.0
8.5,5.5,6,250.3
9.5,5.5,6,233.4
10.5,5.5,6,242.7
11.5,5.5,6,217.1
12.5,5.5,6,199.5
13.5,5.5,6,170.4
6.5,4.5,6,272.9
7.5,4.5,6,293.0
8.5,4.5,6,303.2
9.5,4.5,6,307.7
10.5,4.5,6,297.8
11.5,4.5,6,279.1
12.5,4.5,6,260.4
13.5,4.5,6,212.2
6.5,3.5,6,335.9
7.5,3.5,6,386.3
8.5,3.5,6,402.4
9.5,3.5,6,438.1
10.5,3.5,6,415.0
11.5,3.5,6,367.6
12.5,3.5,6,348.6
13.5,3.5,6,311.4
6.5,2.5,6,440.0
7.5,2.5,6,495.0
8.5,2.5,6,555.6
9.5,2.5,6,579.9
10.5,2.5,6,572.7
11.5,2.5,6,554.1
12.5,2.5,6,483.3
13.5,2.5,6,408.3
6.5,1.5,6,533.4
7.5,1.5,6,632.7
8.5,1.5,6,683.7
9.5,1.5,6,710.4
10.5,1.5,6,690.8
11.5,1.5,6,692.7
12.5,1.5,6,629.9
13.5,1.5,6,511.5
6.5,0.5,6,674.3
7.5,0.5,6,797.0
8.5,0.5,6,799.1
9.5,0.5,6,831.2
10.5,0.5,6,821.3
11.5,0.5,6,859.4
12.5,0.5,6,819.8
13.5,0.5,6,678.4
13.5,13.5,6,230.7
13.5,12.5,6,230.0
13.5,11.5,6,229.8
13.5,10.5,6,225.4
13.5,9.5,6,202.9
13.5,8.5,6,220.5
13.5,7.5,6,197.1
13.5,6.5,6,186.1
12.5,13.5,6,197.4
12.5,12.5,6,214.9
12.5,11.5,6,205.4
12.5,10.5,6,204.2
12.5,9.5,6,206.6
12.5,8.5,6,193.5
12.5,7.5,6,188.3
12.5,6.5,6,197.5
11.5,13.5,6,189.6
11.5,12.5,6,173.8
11.5,11.5,6,174.9
11.5,10.5,6,180.1
11.5,9.5,6,174.8
11.5,8.5,6,180.0
11.5,7.5,6,172.0
11.5,6.5,6,199.0
10.5,13.5,6,165.9
10.5,12.5,6,163.2
10.5,11.5,6,157.8
10.5,10.5,6,165.6
10.5,9.5,6,147.8
10.5,8.5,6,161.4
10.5,7.5,6,166.9
10.5,6.5,6,202.6
9.5,13.5,6,148.7
9.5,12.5,6,146.1
9.5,11.5,6,145.9
9.5,10.5,6,154.2
9.5,9.5,6,158.2
9.5,8.5,6,159.3
9.5,7.5,6,180.9
9.5,6.5,6,205.2
8.5,13.5,6,134.5
8.5,12.5,6,139.5
8.5,11.5,6,144.7
8.5,10.5,6,140.9
8.5,9.5,6,142.9
8.5,8.5,6,152.0
8.5,7.5,6,171.3
8.5,6.5,6,206.6
7.5,13.5,6,136.9
7.5,12.5,6,122.3
7.5,11.5,6,141.4
7.5,10.5,6,147.2
7.5,9.5,6,141.8
7.5,8.5,6,167.6
7.5,7.5,6,172.8
7.5,6.5,6,200.3
6.5,13.5,6,146.6
6.5,12.5,6,155.8
6.5,11.5,6,133.2
6.5,10.5,6,149.1
6.5,9.5,6,137.4
6.5,8.5,6,161.0
6.5,7.5,6,176.8
6.5,6.5,6,188.2
14,19.5,13.5,175.0
14,18.5,13.5,117.5
14,17.5,13.5,97.1
14,16.5,13.5,81.9
14,15.5,13.5,71.5
14,14.5,13.5,64.8
14,19.5,12.5,227.7
14,18.5,12.5,164.7
14,17.5,12.5,125.1
14,16.5,12.5,104.8
14,15.5,12.5,90.4
14,14.5,12.5,77.4
14,19.5,11.5,248.6
14,18.5,11.5,193.5
14,17.5,11.5,147.0
14,16.5,11.5,116.6
14,15.5,11.5,102.2
14,14.5,11.5,87.0
14,19.5,10.5,247.4
14,18.5,10.5,201.8
14,17.5,10.5,163.4
14,16.5,10.5,128.2
14,15.5,10.5,109.8
14,14.5,10.5,93.5
14,19.5,9.5,254.9
14,18.5,9.5,201.0
14,17.5,9.5,166.9
14,16.5,9.5,132.5
14,15.5,9.5,111.7
14,14.5,9.5,95.9
14,19.5,8.5,259.6
14,18.5,8.5,220.9
14,17.5,8.5,170.7
14,16.5,8.5,131.6
14,15.5,8.5,111.9
14,14.5,8.5,98.1
14,19.5,7.5,250.9
14,18.5,7.5,202.4
14,17.5,7.5,159.6
14,16.5,7.5,124.4
14,15.5,7.5,110.5
14,14.5,7.5,96.5
14,19.5,6.5,249.1
14,18.5,6.5,182.1
14,17.5,6.5,141.7
14,16.5,6.5,115.2
14,15.5,6.5,99.8
14,14.5,6.5,92.3
13.5,0.5,14,183.2
13.5,1.5,14,137.1
13.5,2.5,14,115.8
13.5,3.5,14,103.2
13.5,4.5,14,92.3
13.5,5.5,14,97.0
12.5,0.5,14,211.6
12.5,1.5,14,174.7
12.5,2.5,14,146.6
12.5,3.5,14,126.8
12.5,4.5,14,118.9
12.5,5.5,14,116.0
11.5,0.5,14,220.3
11.5,1.5,14,188.8
11.5,2.5,14,163.6
11.5,3.5,14,145.7
11.5,4.5,14,132.8
11.5,5.5,14,124.5
10.5,0.5,14,222.9
10.5,1.5,14,197.8
10.5,2.5,14,175.1
10.5,3.5,14,154.0
10.5,4.5,14,136.8
10.5,5.5,14,125.0
9.5,0.5,14,220.4
9.5,1.5,14,198.1
9.5,2.5,14,173.8
9.5,3.5,14,155.3
9.5,4.5,14,136.7
9.5,5.5,14,125.0
8.5,0.5,14,217.7
8.5,1.5,14,190.7
8.5,2.5,14,169.8
8.5,3.5,14,149.3
8.5,4.5,14,136.1
8.5,5.5,14,121.1
7.5,0.5,14,209.8
7.5,1.5,14,179.1
7.5,2.5,14,152.8
7.5,3.5,14,136.2
7.5,4.5,14,126.0
7.5,5.5,14,117.8
6.5,0.5,14,184.9
6.5,1.5,14,149.8
6.5,2.5,14,131.5
6.5,3.5,14,119.6
6.5,4.5,14,105.0
6.5,5.5,14,102.6
6.5,6.5,14,98.2
7.5,6.5,14,108.1
8.5,6.5,14,114.5
9.5,6.5,14,115.1
10.5,6.5,14,118.8
11.5,6.5,14,117.2
12.5,6.5,14,116.3
13.5,6.5,14,113.1
6.5,7.5,14,93.5
7.5,7.5,14,99.2
8.5,7.5,14,105.9
9.5,7.5,14,106.8
10.5,7.5,14,108.6
11.5,7.5,14,112.9
12.5,7.5,14,115.5
13.5,7.5,14,113.6
6.5,8.5,14,89.6
7.5,8.5,14,92.5
8.5,8.5,14,98.4
9.5,8.5,14,100.6
10.5,8.5,14,105.0
11.5,8.5,14,105.4
12.5,8.5,14,110.3
13.5,8.5,14,114.1
6.5,9.5,14,86.8
7.5,9.5,14,89.2
8.5,9.5,14,92.6
9.5,9.5,14,94.7
10.5,9.5,14,99.3
11.5,9.5,14,103.9
12.5,9.5,14,109.3
13.5,9.5,14,113.5
6.5,10.5,14,85.6
7.5,10.5,14,89.7
8.5,10.5,14,89.7
9.5,10.5,14,96.5
10.5,10.5,14,98.2
11.5,10.5,14,100.6
12.5,10.5,14,107.2
13.5,10.5,14,111.2
6.5,11.5,14,82.9
7.5,11.5,14,88.4
8.5,11.5,14,89.1
9.5,11.5,14,92.8
10.5,11.5,14,95.7
11.5,11.5,14,99.0
12.5,11.5,14,106.1
13.5,11.5,14,108.9
6.5,12.5,14,83.5
7.5,12.5,14,86.7
8.5,12.5,14,88.9
9.5,12.5,14,90.9
10.5,12.5,14,98.8
11.5,12.5,14,98.6
12.5,12.5,14,103.1
13.5,12.5,14,106.8
6.5,13.5,14,82.1
7.5,13.5,14,88.6
8.5,13.5,14,89.9
9.5,13.5,14,96.2
10.5,13.5,14,95.7
11.5,13.5,14,100.2
12.5,13.5,14,100.2
13.5,13.5,14,102.5
0.5,14,13.5,144.2
1.5,14,13.5,89.5
2.5,14,13.5,78.6
3.5,14,13.5,65.6
4.5,14,13.5,61.7
5.5,14,13.5,59.4
0.5,14,12.5,317.4
1.5,14,12.5,149.3
2.5,14,12.5,105.3
3.5,14,12.5,88.9
4.5,14,12.5,74.4
5.5,14,12.5,74.9
0.5,14,11.5,346.0
1.5,14,11.5,220.8
2.5,14,11.5,159.0
3.5,14,11.5,119.2
4.5,14,11.5,98.7
5.5,14,11.5,84.3
0.5,14,10.5,365.5
1.5,14,10.5,263.8
2.5,14,10.5,200.0
3.5,14,10.5,144.3
4.5,14,10.5,116.1
5.5,14,10.5,107.0
0.5,14,9.5,384.9
1.5,14,9.5,300.1
2.5,14,9.5,234.2
3.5,14,9.5,184.1
4.5,14,9.5,138.3
5.5,14,9.5,125.4
0.5,14,8.5,386.0
1.5,14,8.5,323.2
2.5,14,8.5,254.1
3.5,14,8.5,205.1
4.5,14,8.5,163.5
5.5,14,8.5,131.6
0.5,14,7.5,373.2
1.5,14,7.5,337.4
2.5,14,7.5,278.2
3.5,14,7.5,228.0
4.5,14,7.5,173.5
5.5,14,7.5,144.7
0.5,14,6.5,392.8
1.5,14,6.5,347.0
2.5,14,6.5,290.0
3.5,14,6.5,237.0
4.5,14,6.5,190.7
5.5,14,6.5,154.8
14.5,14,6.5,251.8
14.5,14,7.5,240.9
14.5,14,8.5,232.1
14.5,14,9.5,213.6
14.5,14,10.5,182.6
14.5,14,11.5,151.0
14.5,14,12.5,106.2
14.5,14,13.5,73.5
15.5,14,6.5,305.8
15.5,14,7.5,301.9
15.5,14,8.5,277.8
15.5,14,9.5,256.7
15.5,14,10.5,223.3
15.5,14,11.5,181.2
15.5,14,12.5,126.9
15.5,14,13.5,83.1
16.5,14,6.5,371.3
16.5,14,7.5,358.9
16.5,14,8.5,354.4
16.5,14,9.5,320.9
16.5,14,10.5,289.5
16.5,14,11.5,233.1
16.5,14,12.5,157.3
16.5,14,13.5,106.6
17.5,14,6.5,422.4
17.5,14,7.5,432.4
17.5,14,8.5,421.9
17.5,14,9.5,402.5
17.5,14,10.5,353.0
17.5,14,11.5,304.8
17.5,14,12.5,208.7
17.5,14,13.5,122.0
18.5,14,6.5,506.2
18.5,14,7.5,493.5
18.5,14,8.5,500.0
18.5,14,9.5,471.9
18.5,14,10.5,438.4
18.5,14,11.5,407.6
18.5,14,12.5,305.6
18.5,14,13.5,158.2
19.5,14,6.5,590.1
19.5,14,7.5,554.4
19.5,14,8.5,579.9
19.5,14,9.5,558.8
19.5,14,10.5,549.3
19.5,14,11.5,540.5
19.5,14,12.5,496.9
19.5,14,13.5,324.5
5.5,13.5,6,138.0
5.5,12.5,6,163.0
5.5,11.5,6,152.1
5.5,10.5,6,176.6
5.5,9.5,6,161.4
5.5,8.5,6,170.6
5.5,7.5,6,164.6
5.5,6.5,6,101.1
4.5,13.5,6,174.1
4.5,12.5,6,158.5
4.5,11.5,6,187.8
4.5,10.5,6,178.6
4.5,9.5,6,168.6
4.5,8.5,6,148.3
4.5,7.5,6,110.4
4.5,6.5,6,84.3
3.5,13.5,6,215.2
3.5,12.5,6,219.6
3.5,11.5,6,209.9
3.5,10.5,6,208.9
3.5,9.5,6,177.0
3.5,8.5,6,144.9
3.5,7.5,6,113.0
3.5,6.5,6,95.8
2.5,13.5,6,280.8
2.5,12.5,6,264.6
2.5,11.5,6,278.8
2.5,10.5,6,249.3
2.5,9.5,6,228.8
2.5,8.5,6,171.0
2.5,7.5,6,137.6
2.5,6.5,6,106.6
1.5,13.5,6,334.2
1.5,12.5,6,337.5
1.5,11.5,6,332.3
1.5,10.5,6,321.3
1.5,9.5,6,302.8
1.5,8.5,6,268.2
1.5,7.5,6,180.1
1.5,6.5,6,116.9
0.5,13.5,6,390.8
0.5,12.5,6,415.9
0.5,11.5,6,405.1
0.5,10.5,6,417.6
0.5,9.5,6,420.3
0.5,8.5,6,400.5
0.5,7.5,6,353.5
0.5,6.5,6,190.8
19.5,6.5,6,419.1
18.5,6.5,6,224.3
17.5,6.5,6,176.5
16.5,6.5,6,149.2
15.5,6.5,6,137.8
14.5,6.5,6,136.8
19.5,7.5,6,573.6
18.5,7.5,6,406.0
17.5,7.5,6,281.7
16.5,7.5,6,222.3
15.5,7.5,6,200.6
14.5,7.5,6,193.5
19.5,8.5,6,601.5
18.5,8.5,6,484.2
17.5,8.5,6,368.8
16.5,8.5,6,300.5
15.5,8.5,6,264.5
14.5,8.5,6,231.1
19.5,9.5,6,625.2
18.5,9.5,6,509.2
17.5,9.5,6,438.7
16.5,9.5,6,337.8
15.5,9.5,6,297.7
14.5,9.5,6,236.6
19.5,10.5,6,641.5
18.5,10.5,6,547.6
17.5,10.5,6,483.5
16.5,10.5,6,395.5
15.5,10.5,6,306.7
14.5,10.5,6,270.9
19.5,11.5,6,664.6
18.5,11.5,6,568.0
17.5,11.5,6,480.5
16.5,11.5,6,398.1
15.5,11.5,6,352.0
14.5,11.5,6,273.2
19.5,12.5,6,643.8
18.5,12.5,6,561.5
17.5,12.5,6,488.9
16.5,12.5,6,432.8
15.5,12.5,6,332.1
14.5,12.5,6,293.9
19.5,13.5,6,673.4
18.5,13.5,6,563.7
17.5,13.5,6,481.5
16.5,13.5,6,418.3
15.5,13.5,6,327.8
14.5,13.5,6,268.7
5.5,6,6.5,102.1
5.5,6,7.5,108.1
5.5,6,8.5,105.6
5.5,6,9.5,102.4
5.5,6,10.5,94.6
5.5,6,11.5,85.9
5.5,6,12.5,77.8
5.5,6,13.5,62.1
4.5,6,6.5,98.2
4.5,6,7.5,108.1
4.5,6,8.5,107.2
4.5,6,9.5,105.3
4.5,6,10.5,95.6
4.5,6,11.5,86.5
4.5,6,12.5,75.2
4.5,6,13.5,63.8
3.5,6,6.5,102.9
3.5,6,7.5,113.7
3.5,6,8.5,116.6
3.5,6,9.5,109.8
3.5,6,10.5,104.4
3.5,6,11.5,96.1
3.5,6,12.5,83.0
3.5,6,13.5,65.6
2.5,6,6.5,109.2
2.5,6,7.5,121.0
2.5,6,8.5,128.7
2.5,6,9.5,123.9
2.5,6,10.5,119.1
2.5,6,11.5,107.3
2.5,6,12.5,92.0
2.5,6,13.5,71.2
1.5,6,6.5,125.8
1.5,6,7.5,137.7
1.5,6,8.5,146.1
1.5,6,9.5,139.5
1.5,6,10.5,136.2
1.5,6,11.5,126.1
1.5,6,12.5,111.2
1.5,6,13.5,81.0
0.5,6,6.5,145.0
0.5,6,7.5,161.3
0.5,6,8.5,158.9
0.5,6,9.5,160.2
0.5,6,10.5,156.4
0.5,6,11.5,152.2
0.5,6,12.5,144.4
0.5,6,13.5,110.4
19.5,6,13.5,188.6
18.5,6,13.5,139.8
17.5,6,13.5,117.0
16.5,6,13.5,108.8
15.5,6,13.5,99.5
14.5,6,13.5,92.1
19.5,6,12.5,226.1
18.5,6,12.5,178.6
17.5,6,12.5,155.0
16.5,6,12.5,138.4
15.5,6,12.5,122.4
14.5,6,12.5,113.5
19.5,6,11.5,240.2
18.5,6,11.5,202.4
17.5,6,11.5,176.5
16.5,6,11.5,163.0
15.5,6,11.5,143.9
14.5,6,11.5,133.9
19.5,6,10.5,241.9
18.5,6,10.5,218.0
17.5,6,10.5,194.8
16.5,6,10.5,169.5
15.5,6,10.5,155.7
14.5,6,10.5,143.3
19.5,6,9.5,246.1
18.5,6,9.5,227.9
17.5,6,9.5,201.5
16.5,6,9.5,181.3
15.5,6,9.5,166.3
14.5,6,9.5,151.8
19.5,6,8.5,251.7
18.5,6,8.5,224.9
17.5,6,8.5,205.0
16.5,6,8.5,183.0
15.5,6,8.5,164.5
14.5,6,8.5,152.7
19.5,6,7.5,248.8
18.5,6,7.5,223.9
17.5,6,7.5,197.6
16.5,6,7.5,175.9
15.5,6,7.5,162.4
14.5,6,7.5,151.4
19.5,6,6.5,238.8
18.5,6,6.5,201.8
17.5,6,6.5,177.8
16.5,6,6.5,164.6
15.5,6,6.5,146.5
14.5,6,6.5,138.3
14.5,13.5,14,90.5
14.5,12.5,14,114.8
14.5,11.5,14,120.8
14.5,10.5,14,120.1
14.5,9.5,14,125.2
14.5,8.5,14,123.9
14.5,7.5,14,116.8
14.5,6.5,14,100.3
15.5,13.5,14,96.2
15.5,12.5,14,116.2
15.5,11.5,14,129.6
15.5,10.5,14,132.2
15.5,9.5,14,135.5
15.5,8.5,14,128.4
15.5,7.5,14,122.1
15.5,6.5,14,98.2
16.5,13.5,14,108.6
16.5,12.5,14,131.0
16.5,11.5,14,143.9
16.5,10.5,14,147.7
16.5,9.5,14,146.5
16.5,8.5,14,139.8
16.5,7.5,14,125.1
16.5,6.5,14,105.9
17.5,13.5,14,123.3
17.5,12.5,14,150.5
17.5,11.5,14,162.0
17.5,10.5,14,165.7
17.5,9.5,14,164.0
17.5,8.5,14,152.8
17.5,7.5,14,136.9
17.5,6.5,14,115.0
18.5,13.5,14,141.8
18.5,12.5,14,178.0
18.5,11.5,14,185.7
18.5,10.5,14,186.6
18.5,9.5,14,181.6
18.5,8.5,14,172.5
18.5,7.5,14,154.9
18.5,6.5,14,129.6
19.5,13.5,14,191.6
19.5,12.5,14,211.5
19.5,11.5,14,211.1
19.5,10.5,14,209.7
19.5,9.5,14,206.3
19.5,8.5,14,201.4
19.5,7.5,14,191.4
19.5,6.5,14,157.5
0.5,6.5,14,88.2
1.5,6.5,14,70.5
2.5,6.5,14,63.3
3.5,6.5,14,60.8
4.5,6.5,14,59.0
5.5,6.5,14,72.8
0.5,7.5,14,119.3
1.5,7.5,14,88.1
2.5,7.5,14,75.8
3.5,7.5,14,71.4
4.5,7.5,14,72.4
5.5,7.5,14,87.7
0.5,8.5,14,123.6
1.5,8.5,14,102.8
2.5,8.5,14,86.2
3.5,8.5,14,80.8
4.5,8.5,14,83.9
5.5,8.5,14,87.7
0.5,9.5,14,126.1
1.5,9.5,14,110.7
2.5,9.5,14,95.0
3.5,9.5,14,86.5
4.5,9.5,14,87.5
5.5,9.5,14,82.8
0.5,10.5,14,128.3
1.5,10.5,14,111.4
2.5,10.5,14,99.4
3.5,10.5,14,89.0
4.5,10.5,14,85.8
5.5,10.5,14,81.5
0.5,11.5,14,128.7
1.5,11.5,14,110.0
2.5,11.5,14,95.5
3.5,11.5,14,89.0
4.5,11.5,14,85.5
5.5,11.5,14,84.9
0.5,12.5,14,125.5
1.5,12.5,14,101.4
2.5,12.5,14,87.5
3.5,12.5,14,79.2
4.5,12.5,14,73.8
5.5,12.5,14,78.3
0.5,13.5,14,102.6
1.5,13.5,14,83.8
2.5,13.5,14,74.9
3.5,13.5,14,69.2
4.5,13.5,14,64.3
5.5,13.5,14,65.2
